asc/u10/12h_r1.asc
ncols        15
nrows        15
xllcorner    116.5
xllcorner    18.5
xllcorner    0.25
NODATA_value -32767
1.757250875234603882e-01 -2.075568437576293945e-01 -3.164226710796356201e-01 -2.202417135238647461e+00 -2.666058063507080078e+00 -3.835343122482299805e+00 -4.155711174011230469e+00 -5.098028659820556641e+00 -5.097361087799072266e+00 -5.291758537292480469e+00 -6.225142955780029297e+00 -5.599459648132324219e+00 -5.682194709777832031e+00 -5.927697181701660156e+00 -4.817689895629882812e+00
-1.298373699188232422e+00 -8.395076990127563477e-01 -1.164815545082092285e+00 -2.729132890701293945e+00 -3.966758251190185547e+00 -4.739976882934570312e+00 -4.772894382476806641e+00 -5.326576709747314453e+00 -5.014388084411621094e+00 -5.480113983154296875e+00 -6.665421009063720703e+00 -5.902146339416503906e+00 -5.992470264434814453e+00 -5.944289207458496094e+00 -5.358094215393066406e+00
-8.597338199615478516e-02 -1.151975154876708984e+00 -2.656867504119873047e+00 -3.071132421493530273e+00 -4.621270656585693359e+00 -5.349846363067626953e+00 -5.621747970581054688e+00 -5.984593868255615234e+00 -5.285390853881835938e+00 -5.335714817047119141e+00 -6.553660869598388672e+00 -5.946751117706298828e+00 -6.157042503356933594e+00 -6.633069992065429688e+00 -5.882595062255859375e+00
-1.042513608932495117e+00 -1.903603076934814453e+00 -3.723360061645507812e+00 -3.891153097152709961e+00 -5.369132995605468750e+00 -6.178216457366943359e+00 -6.717513084411621094e+00 -7.408625602722167969e+00 -6.587168693542480469e+00 -6.335699558258056641e+00 -7.171741008758544922e+00 -6.283378124237060547e+00 -6.226399421691894531e+00 -6.675077915191650391e+00 -6.040896415710449219e+00
-3.317991256713867188e+00 -4.003337860107421875e+00 -4.791138648986816406e+00 -4.566923618316650391e+00 -5.728415012359619141e+00 -6.448930263519287109e+00 -6.927021503448486328e+00 -7.793200969696044922e+00 -7.235777854919433594e+00 -6.910851955413818359e+00 -7.544251441955566406e+00 -6.754840850830078125e+00 -6.736652851104736328e+00 -6.933904170989990234e+00 -6.469697475433349609e+00
-5.262128353118896484e+00 -5.881653785705566406e+00 -6.116639614105224609e+00 -5.970079898834228516e+00 -6.444100856781005859e+00 -6.612566947937011719e+00 -6.792850017547607422e+00 -7.679127216339111328e+00 -7.502371788024902344e+00 -7.342669010162353516e+00 -7.881577968597412109e+00 -7.246031761169433594e+00 -7.104609489440917969e+00 -7.295325279235839844e+00 -6.913448810577392578e+00
-6.976702213287353516e+00 -7.344470024108886719e+00 -7.459670066833496094e+00 -7.423943519592285156e+00 -7.706325531005859375e+00 -7.499554157257080078e+00 -7.216948509216308594e+00 -7.763593673706054688e+00 -7.631259918212890625e+00 -7.481849670410156250e+00 -7.983977794647216797e+00 -7.628228664398193359e+00 -7.473447799682617188e+00 -7.615208148956298828e+00 -7.281458377838134766e+00
-7.762736797332763672e+00 -8.027159690856933594e+00 -8.036684989929199219e+00 -7.975917816162109375e+00 -8.260043144226074219e+00 -8.137485504150390625e+00 -7.814537525177001953e+00 -8.137513160705566406e+00 -7.991917133331298828e+00 -7.664632797241210938e+00 -8.013195037841796875e+00 -7.801001548767089844e+00 -7.615446090698242188e+00 -7.822892189025878906e+00 -7.586816787719726562e+00
-8.270430564880371094e+00 -8.394181251525878906e+00 -8.448216438293457031e+00 -8.331200599670410156e+00 -8.583540916442871094e+00 -8.561841011047363281e+00 -8.286075592041015625e+00 -8.615574836730957031e+00 -8.590472221374511719e+00 -8.097504615783691406e+00 -8.384009361267089844e+00 -8.218711853027343750e+00 -7.954726219177246094e+00 -8.184833526611328125e+00 -8.021277427673339844e+00
-8.816050529479980469e+00 -8.776268005371093750e+00 -8.826733589172363281e+00 -8.734832763671875000e+00 -8.789423942565917969e+00 -8.867396354675292969e+00 -8.604697227478027344e+00 -8.983207702636718750e+00 -9.068241119384765625e+00 -8.406919479370117188e+00 -8.753101348876953125e+00 -8.645990371704101562e+00 -8.286883354187011719e+00 -8.477751731872558594e+00 -8.334875106811523438e+00
-9.039015769958496094e+00 -9.064833641052246094e+00 -9.072171211242675781e+00 -9.007369041442871094e+00 -8.855891227722167969e+00 -8.856833457946777344e+00 -8.472647666931152344e+00 -8.902629852294921875e+00 -9.076715469360351562e+00 -8.356744766235351562e+00 -8.896379470825195312e+00 -8.825885772705078125e+00 -8.398086547851562500e+00 -8.876537322998046875e+00 -8.661955833435058594e+00
-9.365765571594238281e+00 -9.252011299133300781e+00 -9.142744064331054688e+00 -9.106443405151367188e+00 -9.238296508789062500e+00 -9.281455993652343750e+00 -8.743269920349121094e+00 -9.209833145141601562e+00 -9.310206413269042969e+00 -8.404182434082031250e+00 -9.223378181457519531e+00 -9.195531845092773438e+00 -8.702821731567382812e+00 -9.149078369140625000e+00 -8.760522842407226562e+00
-9.532769203186035156e+00 -9.486049652099609375e+00 -9.463636398315429688e+00 -9.261338233947753906e+00 -9.273975372314453125e+00 -9.232316017150878906e+00 -8.731852531433105469e+00 -9.241333007812500000e+00 -9.292205810546875000e+00 -8.533603668212890625e+00 -9.246641159057617188e+00 -9.066022872924804688e+00 -8.737673759460449219e+00 -9.031775474548339844e+00 -8.705718040466308594e+00
-9.865880966186523438e+00 -9.591400146484375000e+00 -9.314929962158203125e+00 -8.971392631530761719e+00 -8.978281974792480469e+00 -8.926563262939453125e+00 -8.547391891479492188e+00 -9.042117118835449219e+00 -8.880393981933593750e+00 -8.243635177612304688e+00 -9.137380599975585938e+00 -8.886416435241699219e+00 -8.653864860534667969e+00 -9.445137977600097656e+00 -8.806746482849121094e+00
-1.010135555267333984e+01 -9.672348022460937500e+00 -9.646614074707031250e+00 -9.382491111755371094e+00 -9.303036689758300781e+00 -9.161572456359863281e+00 -8.748932838439941406e+00 -9.056354522705078125e+00 -8.980868339538574219e+00 -8.392107963562011719e+00 -9.037104606628417969e+00 -8.705924987792968750e+00 -8.298246383666992188e+00 -9.155901908874511719e+00 -8.707762718200683594e+00
