asc/u10/3h_r1.asc
ncols        15
nrows        15
xllcorner    116.5
xllcorner    18.5
xllcorner    0.25
NODATA_value -32767
-1.128674149513244629e+00 -2.928364515304565430e+00 -3.200457096099853516e+00 -4.260406970977783203e+00 -3.933677911758422852e+00 -4.797134876251220703e+00 -5.328589916229248047e+00 -5.717547416687011719e+00 -5.990263938903808594e+00 -6.468821525573730469e+00 -6.872848033905029297e+00 -7.070681571960449219e+00 -7.483927726745605469e+00 -7.803624629974365234e+00 -7.591502189636230469e+00
-4.373686313629150391e+00 -3.860480546951293945e+00 -4.201461791992187500e+00 -4.337336540222167969e+00 -4.310976028442382812e+00 -4.478376865386962891e+00 -5.029963493347167969e+00 -5.491879940032958984e+00 -5.926989555358886719e+00 -6.433296680450439453e+00 -6.783549308776855469e+00 -6.927789211273193359e+00 -7.351454257965087891e+00 -7.531078338623046875e+00 -7.759608745574951172e+00
-6.199567317962646484e+00 -7.104959964752197266e+00 -6.704341888427734375e+00 -6.144228458404541016e+00 -5.658473014831542969e+00 -5.089346408843994141e+00 -5.186414718627929688e+00 -5.389254093170166016e+00 -5.702870845794677734e+00 -6.178216457366943359e+00 -6.561128616333007812e+00 -6.791917800903320312e+00 -7.122471809387207031e+00 -7.389848709106445312e+00 -7.442787170410156250e+00
-8.837949752807617188e+00 -8.084177017211914062e+00 -8.630005836486816406e+00 -7.867516040802001953e+00 -7.301461696624755859e+00 -6.866997241973876953e+00 -6.212435722351074219e+00 -6.030444145202636719e+00 -6.106469631195068359e+00 -6.332684040069580078e+00 -6.584896087646484375e+00 -6.894289970397949219e+00 -7.029852867126464844e+00 -7.359365463256835938e+00 -7.354157924652099609e+00
-9.593315124511718750e+00 -9.360816001892089844e+00 -8.939689636230468750e+00 -8.643146514892578125e+00 -8.549750328063964844e+00 -8.195779800415039062e+00 -7.564069271087646484e+00 -6.989541053771972656e+00 -6.661187648773193359e+00 -6.749514102935791016e+00 -6.888889789581298828e+00 -7.090472698211669922e+00 -7.227892875671386719e+00 -7.402713775634765625e+00 -7.357837677001953125e+00
-9.946898460388183594e+00 -9.784905433654785156e+00 -9.671475410461425781e+00 -9.513541221618652344e+00 -9.558320045471191406e+00 -9.222041130065917969e+00 -8.665234565734863281e+00 -8.191502571105957031e+00 -7.750194072723388672e+00 -7.533696174621582031e+00 -7.513186454772949219e+00 -7.539222717285156250e+00 -7.581314563751220703e+00 -7.700082302093505859e+00 -7.615102767944335938e+00
-1.015116119384765625e+01 -9.864661216735839844e+00 -9.931657791137695312e+00 -9.933884620666503906e+00 -1.006760597229003906e+01 -9.922421455383300781e+00 -9.576308250427246094e+00 -9.179115295410156250e+00 -8.735267639160156250e+00 -8.432449340820312500e+00 -8.238525390625000000e+00 -8.105816841125488281e+00 -8.047591209411621094e+00 -8.061410903930664062e+00 -7.888525485992431641e+00
-1.035551261901855469e+01 -1.000927066802978516e+01 -9.872033119201660156e+00 -9.784164428710937500e+00 -1.000331211090087891e+01 -1.014489364624023438e+01 -1.010134506225585938e+01 -9.892117500305175781e+00 -9.476070404052734375e+00 -9.106436729431152344e+00 -8.870548248291015625e+00 -8.672907829284667969e+00 -8.555405616760253906e+00 -8.453271865844726562e+00 -8.270053863525390625e+00
-1.031092357635498047e+01 -1.015733432769775391e+01 -1.001878166198730469e+01 -9.898694992065429688e+00 -9.981386184692382812e+00 -1.012298297882080078e+01 -1.009890747070312500e+01 -1.007821941375732422e+01 -9.888600349426269531e+00 -9.674345016479492188e+00 -9.447372436523437500e+00 -9.214869499206542969e+00 -9.021747589111328125e+00 -8.787538528442382812e+00 -8.631460189819335938e+00
-1.035101985931396484e+01 -1.024286937713623047e+01 -1.018000221252441406e+01 -1.014271831512451172e+01 -1.006697845458984375e+01 -1.012931251525878906e+01 -1.007780075073242188e+01 -9.994862556457519531e+00 -9.856432914733886719e+00 -9.824738502502441406e+00 -9.744120597839355469e+00 -9.616516113281250000e+00 -9.348678588867187500e+00 -9.064027786254882812e+00 -8.926269531250000000e+00
-1.046151924133300781e+01 -1.035067081451416016e+01 -1.025201702117919922e+01 -1.029347896575927734e+01 -1.018993091583251953e+01 -1.017650318145751953e+01 -1.009906578063964844e+01 -9.942672729492187500e+00 -9.799796104431152344e+00 -9.782934188842773438e+00 -9.732289314270019531e+00 -9.762774467468261719e+00 -9.585291862487792969e+00 -9.514195442199707031e+00 -9.295951843261718750e+00
-1.066099548339843750e+01 -1.048284339904785156e+01 -1.043280696868896484e+01 -1.031768512725830078e+01 -1.036000156402587891e+01 -1.036818313598632812e+01 -1.023878955841064453e+01 -1.004659652709960938e+01 -9.907484054565429688e+00 -9.804062843322753906e+00 -9.751003265380859375e+00 -9.753193855285644531e+00 -9.755165100097656250e+00 -9.683302879333496094e+00 -9.274029731750488281e+00
-1.086094093322753906e+01 -1.056682777404785156e+01 -1.063912773132324219e+01 -1.057869148254394531e+01 -1.050398349761962891e+01 -1.043680572509765625e+01 -1.028215217590332031e+01 -1.010713291168212891e+01 -9.935975074768066406e+00 -9.822394371032714844e+00 -9.799413681030273438e+00 -9.735499382019042969e+00 -9.725892066955566406e+00 -9.590887069702148438e+00 -9.337877273559570312e+00
-1.146475219726562500e+01 -1.107958316802978516e+01 -1.062910366058349609e+01 -1.042907619476318359e+01 -1.034753799438476562e+01 -1.031070613861083984e+01 -1.009104347229003906e+01 -9.856926918029785156e+00 -9.604556083679199219e+00 -9.433739662170410156e+00 -9.532434463500976562e+00 -9.562467575073242188e+00 -9.552227020263671875e+00 -9.798176765441894531e+00 -9.469141960144042969e+00
-1.176053142547607422e+01 -1.139645576477050781e+01 -1.111964607238769531e+01 -1.065381336212158203e+01 -1.058926963806152344e+01 -1.034252166748046875e+01 -1.005880069732666016e+01 -9.823639869689941406e+00 -9.604483604431152344e+00 -9.414211273193359375e+00 -9.489201545715332031e+00 -9.415533065795898438e+00 -9.175840377807617188e+00 -9.612123489379882812e+00 -9.476851463317871094e+00
