asc/u10/6h_r1.asc
ncols        15
nrows        15
xllcorner    116.5
xllcorner    18.5
xllcorner    0.25
NODATA_value -32767
2.148172557353973389e-01 -1.523222804069519043e+00 -1.961100697517395020e+00 -3.801197290420532227e+00 -3.998522520065307617e+00 -4.828921794891357422e+00 -5.309292793273925781e+00 -5.716646671295166016e+00 -5.838952064514160156e+00 -6.226932048797607422e+00 -6.575001239776611328e+00 -6.560254573822021484e+00 -6.917431831359863281e+00 -7.142471790313720703e+00 -6.789525985717773438e+00
-1.804735541343688965e+00 -2.022544145584106445e+00 -2.940255165100097656e+00 -3.872758388519287109e+00 -4.339837074279785156e+00 -4.630510330200195312e+00 -4.874495506286621094e+00 -5.421046257019042969e+00 -5.862894535064697266e+00 -6.386554241180419922e+00 -6.660923480987548828e+00 -6.533184051513671875e+00 -6.904953956604003906e+00 -6.995794773101806641e+00 -7.100499153137207031e+00
-1.735813498497009277e+00 -2.911133050918579102e+00 -3.752560853958129883e+00 -4.578612804412841797e+00 -5.722764015197753906e+00 -5.335611343383789062e+00 -5.256142616271972656e+00 -5.284304141998291016e+00 -5.460697650909423828e+00 -5.971538066864013672e+00 -6.474286556243896484e+00 -6.480288028717041016e+00 -6.800924301147460938e+00 -7.046950817108154297e+00 -7.000828742980957031e+00
-4.387657165527343750e+00 -4.415874958038330078e+00 -5.407939434051513672e+00 -5.707112789154052734e+00 -6.862569332122802734e+00 -6.970690727233886719e+00 -6.702387809753417969e+00 -6.499917984008789062e+00 -6.369168758392333984e+00 -6.494686126708984375e+00 -6.741024494171142578e+00 -6.760146617889404297e+00 -6.817080020904541016e+00 -7.085314273834228516e+00 -6.948980331420898438e+00
-7.461488723754882812e+00 -7.456647396087646484e+00 -7.160765171051025391e+00 -7.077700614929199219e+00 -7.534389972686767578e+00 -7.637939453125000000e+00 -7.515061378479003906e+00 -7.388256072998046875e+00 -7.048533439636230469e+00 -7.004547119140625000e+00 -7.122745037078857422e+00 -7.083694934844970703e+00 -7.166466712951660156e+00 -7.257006168365478516e+00 -7.120684623718261719e+00
-8.835230827331542969e+00 -8.825255393981933594e+00 -8.637630462646484375e+00 -8.477383613586425781e+00 -8.640355110168457031e+00 -8.417606353759765625e+00 -8.028398513793945312e+00 -8.032029151916503906e+00 -7.815876483917236328e+00 -7.655001163482666016e+00 -7.648549079895019531e+00 -7.543038845062255859e+00 -7.589255809783935547e+00 -7.659765243530273438e+00 -7.452499866485595703e+00
-9.559787750244140625e+00 -9.429612159729003906e+00 -9.451195716857910156e+00 -9.327616691589355469e+00 -9.353605270385742188e+00 -9.305040359497070312e+00 -8.880623817443847656e+00 -8.698367118835449219e+00 -8.375101089477539062e+00 -8.174761772155761719e+00 -8.121862411499023438e+00 -8.020960807800292969e+00 -8.025838851928710938e+00 -8.019910812377929688e+00 -7.762423038482666016e+00
-9.770393371582031250e+00 -9.660360336303710938e+00 -9.579930305480957031e+00 -9.446569442749023438e+00 -9.528383255004882812e+00 -9.527879714965820312e+00 -9.364602088928222656e+00 -9.306025505065917969e+00 -8.990914344787597656e+00 -8.713014602661132812e+00 -8.532253265380859375e+00 -8.416998863220214844e+00 -8.397562980651855469e+00 -8.350664138793945312e+00 -8.116311073303222656e+00
-9.769005775451660156e+00 -9.832495689392089844e+00 -9.819427490234375000e+00 -9.670057296752929688e+00 -9.564131736755371094e+00 -9.548947334289550781e+00 -9.477685928344726562e+00 -9.520701408386230469e+00 -9.412224769592285156e+00 -9.260434150695800781e+00 -9.041195869445800781e+00 -8.889859199523925781e+00 -8.822733879089355469e+00 -8.698096275329589844e+00 -8.483692169189453125e+00
-9.906889915466308594e+00 -9.955410957336425781e+00 -9.981149673461914062e+00 -9.938603401184082031e+00 -9.676593780517578125e+00 -9.600869178771972656e+00 -9.529129028320312500e+00 -9.589255332946777344e+00 -9.545020103454589844e+00 -9.473897933959960938e+00 -9.306759834289550781e+00 -9.217847824096679688e+00 -9.114510536193847656e+00 -8.948767662048339844e+00 -8.761330604553222656e+00
-9.985764503479003906e+00 -1.008883094787597656e+01 -1.003627586364746094e+01 -1.003288936614990234e+01 -9.760193824768066406e+00 -9.640942573547363281e+00 -9.573180198669433594e+00 -9.609208106994628906e+00 -9.601449012756347656e+00 -9.537122726440429688e+00 -9.439648628234863281e+00 -9.418423652648925781e+00 -9.227187156677246094e+00 -9.314385414123535156e+00 -9.062339782714843750e+00
-1.006647109985351562e+01 -1.008351325988769531e+01 -1.003742408752441406e+01 -1.004897594451904297e+01 -9.948566436767578125e+00 -9.866529464721679688e+00 -9.710409164428710938e+00 -9.751193046569824219e+00 -9.680003166198730469e+00 -9.544447898864746094e+00 -9.578067779541015625e+00 -9.626644134521484375e+00 -9.420948982238769531e+00 -9.438208580017089844e+00 -9.040179252624511719e+00
-1.023809051513671875e+01 -1.025663280487060547e+01 -1.043424034118652344e+01 -1.025167751312255859e+01 -9.967524528503417969e+00 -9.888993263244628906e+00 -9.749006271362304688e+00 -9.837053298950195312e+00 -9.735871315002441406e+00 -9.541526794433593750e+00 -9.601433753967285156e+00 -9.555512428283691406e+00 -9.421018600463867188e+00 -9.393140792846679688e+00 -8.985549926757812500e+00
-1.114451026916503906e+01 -1.087683677673339844e+01 -1.049195480346679688e+01 -1.012362480163574219e+01 -9.755066871643066406e+00 -9.587420463562011719e+00 -9.468900680541992188e+00 -9.588892936706542969e+00 -9.423479080200195312e+00 -9.159565925598144531e+00 -9.351148605346679688e+00 -9.315990447998046875e+00 -9.316209793090820312e+00 -9.795336723327636719e+00 -9.266201019287109375e+00
-1.106673812866210938e+01 -1.105490875244140625e+01 -1.073089504241943359e+01 -1.032398319244384766e+01 -9.991522789001464844e+00 -9.707273483276367188e+00 -9.514004707336425781e+00 -9.594913482666015625e+00 -9.461631774902343750e+00 -9.205268859863281250e+00 -9.336945533752441406e+00 -9.206681251525878906e+00 -8.990169525146484375e+00 -9.538580894470214844e+00 -9.185640335083007812e+00
