asc/u10/9h_r1.asc
ncols        15
nrows        15
xllcorner    116.5
xllcorner    18.5
xllcorner    0.25
NODATA_value -32767
2.287965118885040283e-01 -7.933821082115173340e-01 -1.221132040023803711e+00 -3.034679174423217773e+00 -3.300907135009765625e+00 -4.028766155242919922e+00 -4.570776939392089844e+00 -5.465211391448974609e+00 -5.607645988464355469e+00 -5.952210903167724609e+00 -6.373713970184326172e+00 -6.007864952087402344e+00 -6.280192375183105469e+00 -6.519709587097167969e+00 -5.835754394531250000e+00
-1.277886629104614258e+00 -7.313462495803833008e-01 -2.070513248443603516e+00 -4.305927753448486328e+00 -4.539848327636718750e+00 -4.566801071166992188e+00 -4.472129821777343750e+00 -5.140246868133544922e+00 -5.524864196777343750e+00 -6.168497085571289062e+00 -6.669229030609130859e+00 -6.190991878509521484e+00 -6.388881206512451172e+00 -6.461638927459716797e+00 -6.304935932159423828e+00
5.576928853988647461e-01 -5.353597998619079590e-01 -2.362073183059692383e+00 -3.136005163192749023e+00 -5.078833103179931641e+00 -5.384277820587158203e+00 -5.331567287445068359e+00 -5.464908123016357422e+00 -5.326466560363769531e+00 -5.710631370544433594e+00 -6.427263736724853516e+00 -6.196660518646240234e+00 -6.488332271575927734e+00 -6.859273433685302734e+00 -6.493296623229980469e+00
-7.893274426460266113e-01 -1.555961489677429199e+00 -3.349855422973632812e+00 -4.141814231872558594e+00 -5.971821784973144531e+00 -6.568799972534179688e+00 -6.898861408233642578e+00 -7.070439338684082031e+00 -6.613791942596435547e+00 -6.519171714782714844e+00 -6.849073886871337891e+00 -6.518374443054199219e+00 -6.515448093414306641e+00 -6.857454776763916016e+00 -6.498949050903320312e+00
-4.090426921844482422e+00 -4.794616699218750000e+00 -5.008095741271972656e+00 -5.465074539184570312e+00 -6.567498207092285156e+00 -7.056167602539062500e+00 -7.310794353485107422e+00 -7.687641620635986328e+00 -7.273962497711181641e+00 -7.120985984802246094e+00 -7.358839511871337891e+00 -6.988270759582519531e+00 -7.018366813659667969e+00 -7.076406002044677734e+00 -6.786293506622314453e+00
-6.724686622619628906e+00 -6.880028724670410156e+00 -6.626055717468261719e+00 -6.715089797973632812e+00 -7.313760757446289062e+00 -7.515821456909179688e+00 -7.479361534118652344e+00 -7.817432403564453125e+00 -7.634895801544189453e+00 -7.568758010864257812e+00 -7.790994644165039062e+00 -7.458948135375976562e+00 -7.462086200714111328e+00 -7.491064548492431641e+00 -7.199810028076171875e+00
-8.295784950256347656e+00 -8.321568489074707031e+00 -8.235396385192871094e+00 -8.126087188720703125e+00 -8.393114089965820312e+00 -8.409965515136718750e+00 -8.084990501403808594e+00 -8.086566925048828125e+00 -7.832718849182128906e+00 -7.785706520080566406e+00 -8.057525634765625000e+00 -7.881010055541992188e+00 -7.860992908477783203e+00 -7.810803890228271484e+00 -7.525984764099121094e+00
-8.912251472473144531e+00 -8.905787467956542969e+00 -8.791291236877441406e+00 -8.700503349304199219e+00 -8.927642822265625000e+00 -8.984781265258789062e+00 -8.750964164733886719e+00 -8.658854484558105469e+00 -8.289475440979003906e+00 -8.103155136108398438e+00 -8.285655021667480469e+00 -8.196212768554687500e+00 -8.128247261047363281e+00 -8.077365875244140625e+00 -7.841716289520263672e+00
-9.122893333435058594e+00 -9.102517127990722656e+00 -9.035863876342773438e+00 -8.939980506896972656e+00 -9.106029510498046875e+00 -9.216830253601074219e+00 -9.097250938415527344e+00 -9.060181617736816406e+00 -8.826668739318847656e+00 -8.573601722717285156e+00 -8.679261207580566406e+00 -8.628379821777343750e+00 -8.499236106872558594e+00 -8.460380554199218750e+00 -8.274965286254882812e+00
-9.393621444702148438e+00 -9.261335372924804688e+00 -9.274397850036621094e+00 -9.292838096618652344e+00 -9.290991783142089844e+00 -9.401188850402832031e+00 -9.279470443725585938e+00 -9.292065620422363281e+00 -9.148940086364746094e+00 -8.876910209655761719e+00 -8.967153549194335938e+00 -8.980949401855468750e+00 -8.786970138549804688e+00 -8.752703666687011719e+00 -8.574760437011718750e+00
-9.533610343933105469e+00 -9.501703262329101562e+00 -9.458057403564453125e+00 -9.532188415527343750e+00 -9.401584625244140625e+00 -9.402852058410644531e+00 -9.229139328002929688e+00 -9.246725082397460938e+00 -9.181787490844726562e+00 -8.906901359558105469e+00 -9.119714736938476562e+00 -9.215375900268554688e+00 -8.945467948913574219e+00 -9.184557914733886719e+00 -8.879795074462890625e+00
-9.745438575744628906e+00 -9.634152412414550781e+00 -9.474297523498535156e+00 -9.552733421325683594e+00 -9.676958084106445312e+00 -9.715439796447753906e+00 -9.440039634704589844e+00 -9.463205337524414062e+00 -9.320778846740722656e+00 -8.912996292114257812e+00 -9.324620246887207031e+00 -9.487073898315429688e+00 -9.195878982543945312e+00 -9.377379417419433594e+00 -8.955662727355957031e+00
-9.853871345520019531e+00 -9.790293693542480469e+00 -9.782457351684570312e+00 -9.746451377868652344e+00 -9.751057624816894531e+00 -9.719743728637695312e+00 -9.398319244384765625e+00 -9.460561752319335938e+00 -9.315443992614746094e+00 -8.972167015075683594e+00 -9.420014381408691406e+00 -9.397306442260742188e+00 -9.150068283081054688e+00 -9.233856201171875000e+00 -8.850539207458496094e+00
-1.055813121795654297e+01 -1.017550659179687500e+01 -9.781452178955078125e+00 -9.547196388244628906e+00 -9.467700004577636719e+00 -9.426310539245605469e+00 -9.144764900207519531e+00 -9.225323677062988281e+00 -8.947285652160644531e+00 -8.665820121765136719e+00 -9.297422409057617188e+00 -9.261361122131347656e+00 -9.213492393493652344e+00 -9.695442199707031250e+00 -9.112257003784179688e+00
-1.061616992950439453e+01 -1.027183818817138672e+01 -1.014180564880371094e+01 -9.895131111145019531e+00 -9.758637428283691406e+00 -9.553201675415039062e+00 -9.210054397583007812e+00 -9.283986091613769531e+00 -9.131353378295898438e+00 -8.869945526123046875e+00 -9.335305213928222656e+00 -9.134480476379394531e+00 -8.895230293273925781e+00 -9.390621185302734375e+00 -8.898400306701660156e+00
