asc/sst/12h_r1.asc
ncols        36
nrows        36
xllcorner    110.5
yllcorner    15
cellsize    0.1
NODATA_value -32767
[rows 17 to 33 of 36, columns 0 to 35 of 36]
2.991145706176757812e+01 2.985295104980468750e+01 2.980365371704101562e+01 2.977617454528808594e+01 2.975608444213867188e+01 2.975412940979003906e+01 2.974521255493164062e+01 2.973618507385253906e+01 2.972967720031738281e+01 2.972894096374511719e+01 2.973263740539550781e+01 2.974153900146484375e+01 2.975528526306152344e+01 2.977283096313476562e+01 2.979195022583007812e+01 2.981076240539550781e+01 2.982848739624023438e+01 2.984499931335449219e+01 2.986016654968261719e+01 2.987468147277832031e+01 2.988898086547851562e+01 2.990372276306152344e+01 2.991863250732421875e+01 2.993286705017089844e+01 2.994428062438964844e+01 2.995046234130859375e+01 2.995072746276855469e+01 2.994965934753417969e+01 2.995861625671386719e+01 2.997817611694335938e+01 3.000438880920410156e+01 3.004404640197753906e+01 3.008956718444824219e+01 3.018333435058593750e+01 3.020327377319335938e+01 3.018411445617675781e+01
2.988899230957031250e+01 2.983069419860839844e+01 2.977541732788085938e+01 2.974914932250976562e+01 2.973106193542480469e+01 2.973203849792480469e+01 2.972765159606933594e+01 2.972503280639648438e+01 2.972548675537109375e+01 2.973124885559082031e+01 2.974088287353515625e+01 2.975481796264648438e+01 2.977288436889648438e+01 2.979431915283203125e+01 2.981702423095703125e+01 2.983904266357421875e+01 2.985945320129394531e+01 2.987779998779296875e+01 2.989378166198730469e+01 2.990812683105468750e+01 2.992160606384277344e+01 2.993472862243652344e+01 2.994749069213867188e+01 2.996004486083984375e+01 2.997028732299804688e+01 2.997570610046386719e+01 2.997474288940429688e+01 2.996878623962402344e+01 2.996774482727050781e+01 2.997242164611816406e+01 2.998549461364746094e+01 3.001604652404785156e+01 3.006934547424316406e+01 3.017158508300781250e+01 3.019980049133300781e+01 3.018814468383789062e+01
2.987137413024902344e+01 2.982005691528320312e+01 2.976608085632324219e+01 2.974542045593261719e+01 2.973138618469238281e+01 2.973625755310058594e+01 2.973731994628906250e+01 2.974098968505859375e+01 2.974787902832031250e+01 2.975918769836425781e+01 2.977264595031738281e+01 2.978897094726562500e+01 2.980870056152343750e+01 2.983148956298828125e+01 2.985577583312988281e+01 2.987936401367187500e+01 2.990059852600097656e+01 2.991941452026367188e+01 2.993502616882324219e+01 2.994766044616699219e+01 2.995828819274902344e+01 2.996819877624511719e+01 2.997744560241699219e+01 2.998664665222167969e+01 2.999449920654296875e+01 2.999815177917480469e+01 2.999642753601074219e+01 2.998878669738769531e+01 2.998166465759277344e+01 2.997513198852539062e+01 2.997488975524902344e+01 2.999094772338867188e+01 3.004189109802246094e+01 3.014112281799316406e+01 3.017410087585449219e+01 3.016910171508789062e+01
2.986983299255371094e+01 2.982830429077148438e+01 2.978343009948730469e+01 2.977056884765625000e+01 2.975946807861328125e+01 2.976946449279785156e+01 2.977542495727539062e+01 2.978358459472656250e+01 2.979437446594238281e+01 2.980856132507324219e+01 2.982353973388671875e+01 2.983975982666015625e+01 2.985817909240722656e+01 2.987965011596679688e+01 2.990252304077148438e+01 2.992495536804199219e+01 2.994457244873046875e+01 2.996116256713867188e+01 2.997367477416992188e+01 2.998346710205078125e+01 2.999178504943847656e+01 2.999874877929687500e+01 3.000469398498535156e+01 3.001028442382812500e+01 3.001425552368164062e+01 3.001556205749511719e+01 3.001275253295898438e+01 3.000446128845214844e+01 2.999619102478027344e+01 2.998388862609863281e+01 2.997421836853027344e+01 2.997521209716796875e+01 3.001186943054199219e+01 3.009868049621582031e+01 3.012828826904296875e+01 3.012655448913574219e+01
2.988843536376953125e+01 2.985470962524414062e+01 2.982483673095703125e+01 2.981722640991210938e+01 2.980630111694335938e+01 2.981883621215820312e+01 2.982765007019042969e+01 2.983763313293457031e+01 2.984928512573242188e+01 2.986351013183593750e+01 2.987805557250976562e+01 2.989302253723144531e+01 2.991002464294433594e+01 2.992889404296875000e+01 2.994831085205078125e+01 2.996720314025878906e+01 2.998283004760742188e+01 2.999530220031738281e+01 3.000450515747070312e+01 3.001165390014648438e+01 3.001766395568847656e+01 3.002249526977539062e+01 3.002622222900390625e+01 3.002888298034667969e+01 3.003016471862792969e+01 3.002926063537597656e+01 3.002516746520996094e+01 3.001637077331542969e+01 3.000706291198730469e+01 2.999414634704589844e+01 2.998032951354980469e+01 2.996990203857421875e+01 2.998856925964355469e+01 3.005936622619628906e+01 3.007649421691894531e+01 3.007467651367187500e+01
2.992103767395019531e+01 2.988907051086425781e+01 2.987287139892578125e+01 2.986583900451660156e+01 2.985295104980468750e+01 2.986455345153808594e+01 2.987411880493164062e+01 2.988455963134765625e+01 2.989653396606445312e+01 2.991094970703125000e+01 2.992529869079589844e+01 2.993941879272460938e+01 2.995449638366699219e+01 2.997053527832031250e+01 2.998626708984375000e+01 3.000009155273437500e+01 3.001101112365722656e+01 3.002006149291992188e+01 3.002736282348632812e+01 3.003328323364257812e+01 3.003817558288574219e+01 3.004191017150878906e+01 3.004424476623535156e+01 3.004505157470703125e+01 3.004418182373046875e+01 3.004112815856933594e+01 3.003522491455078125e+01 3.002503585815429688e+01 3.001519393920898438e+01 3.000234794616699219e+01 2.998876571655273438e+01 2.997307968139648438e+01 2.998004531860351562e+01 3.003445053100585938e+01 3.003904724121093750e+01 3.003245353698730469e+01
2.995411491394042969e+01 2.991902351379394531e+01 2.991161918640136719e+01 2.990319824218750000e+01 2.988780784606933594e+01 2.989729309082031250e+01 2.990808105468750000e+01 2.992020225524902344e+01 2.993335151672363281e+01 2.994802665710449219e+01 2.996202468872070312e+01 2.997590446472167969e+01 2.998970031738281250e+01 3.000238227844238281e+01 3.001323699951171875e+01 3.002274513244628906e+01 3.003120422363281250e+01 3.003915405273437500e+01 3.004654884338378906e+01 3.005308341979980469e+01 3.005825996398925781e+01 3.006134033203125000e+01 3.006209754943847656e+01 3.006057548522949219e+01 3.005714225769042969e+01 3.005182838439941406e+01 3.004417800903320312e+01 3.003259468078613281e+01 3.002184295654296875e+01 3.000980758666992188e+01 2.999625396728515625e+01 2.997910118103027344e+01 2.998183822631835938e+01 3.002675437927246094e+01 3.002251052856445312e+01 3.000941467285156250e+01
2.998015594482421875e+01 2.994012641906738281e+01 2.993820571899414062e+01 2.992892265319824219e+01 2.991467475891113281e+01 2.992419242858886719e+01 2.993636512756347656e+01 2.995023918151855469e+01 2.996403121948242188e+01 2.997899246215820312e+01 2.999331474304199219e+01 3.000528335571289062e+01 3.001530647277832031e+01 3.002388954162597656e+01 3.003169822692871094e+01 3.003977203369140625e+01 3.004857826232910156e+01 3.005789756774902344e+01 3.006685256958007812e+01 3.007419967651367188e+01 3.007902908325195312e+01 3.008073616027832031e+01 3.007927894592285156e+01 3.007510948181152344e+01 3.006896400451660156e+01 3.006133079528808594e+01 3.005223655700683594e+01 3.003971481323242188e+01 3.002865982055664062e+01 3.001728248596191406e+01 3.000270652770996094e+01 2.998615646362304688e+01 2.998920059204101562e+01 3.003221511840820312e+01 3.002533340454101562e+01 3.000597000122070312e+01
2.999943733215332031e+01 2.995708084106445312e+01 2.995959281921386719e+01 2.995046997070312500e+01 2.993991661071777344e+01 2.995007514953613281e+01 2.996371459960937500e+01 2.997771644592285156e+01 2.999216079711914062e+01 3.000530433654785156e+01 3.001602554321289062e+01 3.002484512329101562e+01 3.003213310241699219e+01 3.003874969482421875e+01 3.004621887207031250e+01 3.005564880371093750e+01 3.006636428833007812e+01 3.007729339599609375e+01 3.008732604980468750e+01 3.009519386291503906e+01 3.009970474243164062e+01 3.010022926330566406e+01 3.009669494628906250e+01 3.008985328674316406e+01 3.008093643188476562e+01 3.007083892822265625e+01 3.006021690368652344e+01 3.004714775085449219e+01 3.003639221191406250e+01 3.002522087097167969e+01 3.000909614562988281e+01 2.999505615234375000e+01 3.000006484985351562e+01 3.005018234252929688e+01 3.004627227783203125e+01 3.002281570434570312e+01
3.001803779602050781e+01 2.997657966613769531e+01 2.998306846618652344e+01 2.997320747375488281e+01 2.996623420715332031e+01 2.997650337219238281e+01 2.998939895629882812e+01 3.000268936157226562e+01 3.001316261291503906e+01 3.002262306213378906e+01 3.003088378906250000e+01 3.003785514831542969e+01 3.004366302490234375e+01 3.005007934570312500e+01 3.005950164794921875e+01 3.007109832763671875e+01 3.008350753784179688e+01 3.009596061706542969e+01 3.010707092285156250e+01 3.011536026000976562e+01 3.011940956115722656e+01 3.011861801147460938e+01 3.011331748962402344e+01 3.010451507568359375e+01 3.009346961975097656e+01 3.008138656616210938e+01 3.006891250610351562e+01 3.005490303039550781e+01 3.004439926147460938e+01 3.003352928161621094e+01 3.001641273498535156e+01 3.000635719299316406e+01 3.001664543151855469e+01 3.008249282836914062e+01 3.008813095092773438e+01 3.006253242492675781e+01
3.004024887084960938e+01 2.999943542480468750e+01 3.000726699829101562e+01 2.999451828002929688e+01 2.998863220214843750e+01 2.999755859375000000e+01 3.000868606567382812e+01 3.001811790466308594e+01 3.002601623535156250e+01 3.003419685363769531e+01 3.004133987426757812e+01 3.004707908630371094e+01 3.005247116088867188e+01 3.006054306030273438e+01 3.007240676879882812e+01 3.008583450317382812e+01 3.009956932067871094e+01 3.011279106140136719e+01 3.012404060363769531e+01 3.013223838806152344e+01 3.013615798950195312e+01 3.013496208190917969e+01 3.012882423400878906e+01 3.011878204345703125e+01 3.010635375976562500e+01 3.009279251098632812e+01 3.007890319824218750e+01 3.006361770629882812e+01 3.005249404907226562e+01 3.004177665710449219e+01 3.002462387084960938e+01 3.002037620544433594e+01 3.003968620300292969e+01 3.012452507019042969e+01 3.014074325561523438e+01 3.011739730834960938e+01
3.006428146362304688e+01 3.002032852172851562e+01 3.002553939819335938e+01 3.000868415832519531e+01 3.000194358825683594e+01 3.000916862487792969e+01 3.001848220825195312e+01 3.002761077880859375e+01 3.003593635559082031e+01 3.004420280456542969e+01 3.005079841613769531e+01 3.005614471435546875e+01 3.006258773803710938e+01 3.007311058044433594e+01 3.008680725097656250e+01 3.010103988647460938e+01 3.011507225036621094e+01 3.012759399414062500e+01 3.013858222961425781e+01 3.014723014831542969e+01 3.015206146240234375e+01 3.015160179138183594e+01 3.014553642272949219e+01 3.013488006591796875e+01 3.012146186828613281e+01 3.010685348510742188e+01 3.009166336059570312e+01 3.007531547546386719e+01 3.006325149536132812e+01 3.005247306823730469e+01 3.003674125671386719e+01 3.003882217407226562e+01 3.006619453430175781e+01 3.015908813476562500e+01 3.018300819396972656e+01 3.016373062133789062e+01
3.008452415466308594e+01 3.003617286682128906e+01 3.003361129760742188e+01 3.001218986511230469e+01 3.000288581848144531e+01 3.000951385498046875e+01 3.002037429809570312e+01 3.003259277343750000e+01 3.004344558715820312e+01 3.005293464660644531e+01 3.005957794189453125e+01 3.006484603881835938e+01 3.007219123840332031e+01 3.008413124084472656e+01 3.009826660156250000e+01 3.011263275146484375e+01 3.012573623657226562e+01 3.013762474060058594e+01 3.014883804321289062e+01 3.015861511230468750e+01 3.016537475585937500e+01 3.016667747497558594e+01 3.016176605224609375e+01 3.015136909484863281e+01 3.013724708557128906e+01 3.012130165100097656e+01 3.010467147827148438e+01 3.008668518066406250e+01 3.007363319396972656e+01 3.006264877319335938e+01 3.004896163940429688e+01 3.005499458312988281e+01 3.008460998535156250e+01 3.017313194274902344e+01 3.019664382934570312e+01 3.017975234985351562e+01
3.009282112121582031e+01 3.003823852539062500e+01 3.002688789367675781e+01 3.000079536437988281e+01 2.998929023742675781e+01 2.999658584594726562e+01 3.000965690612792969e+01 3.002595710754394531e+01 3.004015350341796875e+01 3.005092048645019531e+01 3.005753135681152344e+01 3.006276130676269531e+01 3.006988334655761719e+01 3.008031845092773438e+01 3.009267997741699219e+01 3.010523033142089844e+01 3.011686325073242188e+01 3.012772369384765625e+01 3.013853073120117188e+01 3.014904022216796875e+01 3.015679168701171875e+01 3.015977668762207031e+01 3.015703010559082031e+01 3.014848327636718750e+01 3.013531494140625000e+01 3.011920356750488281e+01 3.010150527954101562e+01 3.008220863342285156e+01 3.006817054748535156e+01 3.005705261230468750e+01 3.004485893249511719e+01 3.005285835266113281e+01 3.008167076110839844e+01 3.015952873229980469e+01 3.018041801452636719e+01 3.016513252258300781e+01
3.009164047241210938e+01 3.001831245422363281e+01 2.999978637695312500e+01 2.997858047485351562e+01 2.996853828430175781e+01 2.997699737548828125e+01 2.999200439453125000e+01 3.001057624816894531e+01 3.002808952331542969e+01 3.004271316528320312e+01 3.005204391479492188e+01 3.005795478820800781e+01 3.006463813781738281e+01 3.007366371154785156e+01 3.008401870727539062e+01 3.009392738342285156e+01 3.010292243957519531e+01 3.011101722717285156e+01 3.012015724182128906e+01 3.013058280944824219e+01 3.014026832580566406e+01 3.014625358581542969e+01 3.014627838134765625e+01 3.013997840881347656e+01 3.012849998474121094e+01 3.011301994323730469e+01 3.009454154968261719e+01 3.007545089721679688e+01 3.006238365173339844e+01 3.005148696899414062e+01 3.004223823547363281e+01 3.004810714721679688e+01 3.006941223144531250e+01 3.013522529602050781e+01 3.015736579895019531e+01 3.015526008605957031e+01
3.006661033630371094e+01 2.999329566955566406e+01 2.997459411621093750e+01 2.996415328979492188e+01 2.993810081481933594e+01 2.993657302856445312e+01 2.994825172424316406e+01 2.996353149414062500e+01 2.998085021972656250e+01 2.999684906005859375e+01 3.000911521911621094e+01 3.001802635192871094e+01 3.002617835998535156e+01 3.003521537780761719e+01 3.004481124877929688e+01 3.005311965942382812e+01 3.005934524536132812e+01 3.006466484069824219e+01 3.007138252258300781e+01 3.008094024658203125e+01 3.009147453308105469e+01 3.010016441345214844e+01 3.010423278808593750e+01 3.010293388366699219e+01 3.009640884399414062e+01 3.008495330810546875e+01 3.007022666931152344e+01 3.005395698547363281e+01 3.004280853271484375e+01 3.003142166137695312e+01 3.002113533020019531e+01 3.001465034484863281e+01 3.003587341308593750e+01 3.012139511108398438e+01 3.014430236816406250e+01 3.014783477783203125e+01
3.004143524169921875e+01 2.997220420837402344e+01 2.993765068054199219e+01 2.995121765136718750e+01 2.989816665649414062e+01 2.989343833923339844e+01 2.990270423889160156e+01 2.991552925109863281e+01 2.993320083618164062e+01 2.995389366149902344e+01 2.997489547729492188e+01 2.999466133117675781e+01 3.001144981384277344e+01 3.002597999572753906e+01 3.003810310363769531e+01 3.004650306701660156e+01 3.005138015747070312e+01 3.005478477478027344e+01 3.005944824218750000e+01 3.006714248657226562e+01 3.007678985595703125e+01 3.008603477478027344e+01 3.009263420104980469e+01 3.009497451782226562e+01 3.009261512756347656e+01 3.008646011352539062e+01 3.007773590087890625e+01 3.006820869445800781e+01 3.006164932250976562e+01 3.005343246459960938e+01 3.004718589782714844e+01 3.003788185119628906e+01 3.007000350952148438e+01 3.014747810363769531e+01 3.016688728332519531e+01 3.016881179809570312e+01
