asc/sst/12h_r1.asc
ncols        36
nrows        36
xllcorner    110.5
yllcorner    15
cellsize    0.1
NODATA_value -32767
[rows 0 to 16 of 36, columns 0 to 35 of 36]
2.989749717712402344e+01 3.007982444763183594e+01 3.014994430541992188e+01 3.021135711669921875e+01 3.014978599548339844e+01 3.010058021545410156e+01 3.005437660217285156e+01 3.001851272583007812e+01 2.998724937438964844e+01 2.996140098571777344e+01 2.993980026245117188e+01 2.992375183105468750e+01 2.991484832763671875e+01 2.991490173339843750e+01 2.992519187927246094e+01 2.994569015502929688e+01 2.997473526000976562e+01 3.000936698913574219e+01 3.004605865478515625e+01 3.008098411560058594e+01 3.011090278625488281e+01 3.013277626037597656e+01 3.014606475830078125e+01 3.015186691284179688e+01 3.015157699584960938e+01 3.014712905883789062e+01 3.014074707031250000e+01 3.013458251953125000e+01 3.013036727905273438e+01 3.012470626831054688e+01 3.012300491333007812e+01 3.012705993652343750e+01 3.013837623596191406e+01 3.009324455261230469e+01 3.006358146667480469e+01 3.002365875244140625e+01
3.003644561767578125e+01 3.011987495422363281e+01 3.022788619995117188e+01 3.024851608276367188e+01 3.017000007629394531e+01 3.010808181762695312e+01 3.006189918518066406e+01 3.002666473388671875e+01 2.999849128723144531e+01 2.997572898864746094e+01 2.995755958557128906e+01 2.994486999511718750e+01 2.993832588195800781e+01 2.993920516967773438e+01 2.994858741760253906e+01 2.996668434143066406e+01 2.999104690551757812e+01 3.002174758911132812e+01 3.005488204956054688e+01 3.008786201477050781e+01 3.011692047119140625e+01 3.014103889465332031e+01 3.015950012207031250e+01 3.017094612121582031e+01 3.017576026916503906e+01 3.017492866516113281e+01 3.017056274414062500e+01 3.016497039794921875e+01 3.016131019592285156e+01 3.015757942199707031e+01 3.015369796752929688e+01 3.015909194946289062e+01 3.016233062744140625e+01 3.013610458374023438e+01 3.008493804931640625e+01 2.999908256530761719e+01
3.011620712280273438e+01 3.014208030700683594e+01 3.018128013610839844e+01 3.014705848693847656e+01 3.007205963134765625e+01 3.003123474121093750e+01 2.999934196472167969e+01 2.997399520874023438e+01 2.995610237121582031e+01 2.994410896301269531e+01 2.993527030944824219e+01 2.992935943603515625e+01 2.992630004882812500e+01 2.992647552490234375e+01 2.993064308166503906e+01 2.993919563293457031e+01 2.995201301574707031e+01 2.997117042541503906e+01 2.999397468566894531e+01 3.001932525634765625e+01 3.004471778869628906e+01 3.006812667846679688e+01 3.008729934692382812e+01 3.010132026672363281e+01 3.010974121093750000e+01 3.011288642883300781e+01 3.011247062683105469e+01 3.011025619506835938e+01 3.010998916625976562e+01 3.010907936096191406e+01 3.010660934448242188e+01 3.010697174072265625e+01 3.010754203796386719e+01 3.007753562927246094e+01 3.005020523071289062e+01 2.998473548889160156e+01
3.012903976440429688e+01 3.007814979553222656e+01 3.005826950073242188e+01 2.999730682373046875e+01 2.994091033935546875e+01 2.991319274902343750e+01 2.989602088928222656e+01 2.988456344604492188e+01 2.987948608398437500e+01 2.987841987609863281e+01 2.987845611572265625e+01 2.987818908691406250e+01 2.987675285339355469e+01 2.987466049194335938e+01 2.987281036376953125e+01 2.987247085571289062e+01 2.987604904174804688e+01 2.988677597045898438e+01 2.990250205993652344e+01 2.992399787902832031e+01 2.994961166381835938e+01 2.997567939758300781e+01 2.999946212768554688e+01 3.001891326904296875e+01 3.003268623352050781e+01 3.004053878784179688e+01 3.004384994506835938e+01 3.004421043395996094e+01 3.004574203491210938e+01 3.004590415954589844e+01 3.004485130310058594e+01 3.003925323486328125e+01 3.004435157775878906e+01 3.002084922790527344e+01 2.999553108215332031e+01 2.996546745300292969e+01
3.008076667785644531e+01 2.996263504028320312e+01 2.992011070251464844e+01 2.986446571350097656e+01 2.982193946838378906e+01 2.980676841735839844e+01 2.979903793334960938e+01 2.979902267456054688e+01 2.980368804931640625e+01 2.981094932556152344e+01 2.981731605529785156e+01 2.982090759277343750e+01 2.982081604003906250e+01 2.981747627258300781e+01 2.981250572204589844e+01 2.980861091613769531e+01 2.980881309509277344e+01 2.981495666503906250e+01 2.982841110229492188e+01 2.984839820861816406e+01 2.987166786193847656e+01 2.989522552490234375e+01 2.991629028320312500e+01 2.993313217163085938e+01 2.994453620910644531e+01 2.995025444030761719e+01 2.995159721374511719e+01 2.995012664794921875e+01 2.994984626770019531e+01 2.994790649414062500e+01 2.994866561889648438e+01 2.994056129455566406e+01 2.994608688354492188e+01 2.995756149291992188e+01 2.996949577331542969e+01 2.995126533508300781e+01
2.999814224243164062e+01 2.988717460632324219e+01 2.983172035217285156e+01 2.978853225708007812e+01 2.976522827148437500e+01 2.976604270935058594e+01 2.977041816711425781e+01 2.978081130981445312e+01 2.979395294189453125e+01 2.980768013000488281e+01 2.981818389892578125e+01 2.982348632812500000e+01 2.982291793823242188e+01 2.981768608093261719e+01 2.981072425842285156e+01 2.980564308166503906e+01 2.980570793151855469e+01 2.981307220458984375e+01 2.982742118835449219e+01 2.984581184387207031e+01 2.986469650268554688e+01 2.988086318969726562e+01 2.989226150512695312e+01 2.989857292175292969e+01 2.990017127990722656e+01 2.989796257019042969e+01 2.989353561401367188e+01 2.988823509216308594e+01 2.988591766357421875e+01 2.988330841064453125e+01 2.988625526428222656e+01 2.988343048095703125e+01 2.989339256286621094e+01 2.992454338073730469e+01 2.993712615966796875e+01 2.992913627624511719e+01
2.992654800415039062e+01 2.984295845031738281e+01 2.979152488708496094e+01 2.977241325378417969e+01 2.976380538940429688e+01 2.977296829223632812e+01 2.978371810913085938e+01 2.979870986938476562e+01 2.981413459777832031e+01 2.982816505432128906e+01 2.983779525756835938e+01 2.984191513061523438e+01 2.984066390991210938e+01 2.983616065979003906e+01 2.983138084411621094e+01 2.982977485656738281e+01 2.983394241333007812e+01 2.984406852722167969e+01 2.985772132873535156e+01 2.987119674682617188e+01 2.988144111633300781e+01 2.988673591613769531e+01 2.988681221008300781e+01 2.988271713256835938e+01 2.987549591064453125e+01 2.986705970764160156e+01 2.985890197753906250e+01 2.985213470458984375e+01 2.985060691833496094e+01 2.985017776489257812e+01 2.985546112060546875e+01 2.985721588134765625e+01 2.987045669555664062e+01 2.990354537963867188e+01 2.992373657226562500e+01 2.991081428527832031e+01
2.988708305358886719e+01 2.983367156982421875e+01 2.979366493225097656e+01 2.978780937194824219e+01 2.978431892395019531e+01 2.979660606384277344e+01 2.980900955200195312e+01 2.982367134094238281e+01 2.983737182617187500e+01 2.984929084777832031e+01 2.985736846923828125e+01 2.986170959472656250e+01 2.986283493041992188e+01 2.986250305175781250e+01 2.986298751831054688e+01 2.986576461791992188e+01 2.987098503112792969e+01 2.987713813781738281e+01 2.988166236877441406e+01 2.988250732421875000e+01 2.987948226928710938e+01 2.987305831909179688e+01 2.986475372314453125e+01 2.985563468933105469e+01 2.984716606140136719e+01 2.984000778198242188e+01 2.983493804931640625e+01 2.983262825012207031e+01 2.983611297607421875e+01 2.984153938293457031e+01 2.985214042663574219e+01 2.985757255554199219e+01 2.987318801879882812e+01 2.990812683105468750e+01 2.992708587646484375e+01 2.991422271728515625e+01
2.987965202331542969e+01 2.984456062316894531e+01 2.981052207946777344e+01 2.980818176269531250e+01 2.980304718017578125e+01 2.981432533264160156e+01 2.982542800903320312e+01 2.983854103088378906e+01 2.985083961486816406e+01 2.986233901977539062e+01 2.987202453613281250e+01 2.987961578369140625e+01 2.988575744628906250e+01 2.989045143127441406e+01 2.989313697814941406e+01 2.989332008361816406e+01 2.989031600952148438e+01 2.988380813598632812e+01 2.987395858764648438e+01 2.986170768737792969e+01 2.984918594360351562e+01 2.983880043029785156e+01 2.983164596557617188e+01 2.982794570922851562e+01 2.982713508605957031e+01 2.982866668701171875e+01 2.983234024047851562e+01 2.983812713623046875e+01 2.984887886047363281e+01 2.985977745056152344e+01 2.987396049499511719e+01 2.988163185119628906e+01 2.989304924011230469e+01 2.992722129821777344e+01 2.994052124023437500e+01 2.992704772949218750e+01
2.988892364501953125e+01 2.985793685913085938e+01 2.982440757751464844e+01 2.982096290588378906e+01 2.981318664550781250e+01 2.982367897033691406e+01 2.983485412597656250e+01 2.984878540039062500e+01 2.986275672912597656e+01 2.987732315063476562e+01 2.989025878906250000e+01 2.990188980102539062e+01 2.991003799438476562e+01 2.991234397888183594e+01 2.990740394592285156e+01 2.989565277099609375e+01 2.987905502319335938e+01 2.985989761352539062e+01 2.984096527099609375e+01 2.982538223266601562e+01 2.981562995910644531e+01 2.981258773803710938e+01 2.981561470031738281e+01 2.982287216186523438e+01 2.983242416381835938e+01 2.984317779541015625e+01 2.985525703430175781e+01 2.986917114257812500e+01 2.988627815246582031e+01 2.990162277221679688e+01 2.991665649414062500e+01 2.992548370361328125e+01 2.992803573608398438e+01 2.996081924438476562e+01 2.996763420104980469e+01 2.995253181457519531e+01
2.989863586425781250e+01 2.986506080627441406e+01 2.983058738708496094e+01 2.982624435424804688e+01 2.981906318664550781e+01 2.983177947998046875e+01 2.984591865539550781e+01 2.986309623718261719e+01 2.988043022155761719e+01 2.989720344543457031e+01 2.991139030456542969e+01 2.992039299011230469e+01 2.992063522338867188e+01 2.991106605529785156e+01 2.989306449890136719e+01 2.986947822570800781e+01 2.984490585327148438e+01 2.982353973388671875e+01 2.980861854553222656e+01 2.980163192749023438e+01 2.980273056030273438e+01 2.981058883666992188e+01 2.982315826416015625e+01 2.983822250366210938e+01 2.985388374328613281e+01 2.986988639831542969e+01 2.988750839233398438e+01 2.990626716613769531e+01 2.992845726013183594e+01 2.994884109497070312e+01 2.996284675598144531e+01 2.997259140014648438e+01 2.996919441223144531e+01 3.000296020507812500e+01 3.000392913818359375e+01 2.998669052124023438e+01
2.990314102172851562e+01 2.986738204956054688e+01 2.983547782897949219e+01 2.983347129821777344e+01 2.982959556579589844e+01 2.984633064270019531e+01 2.986385917663574219e+01 2.988316154479980469e+01 2.990032005310058594e+01 2.991437911987304688e+01 2.992127418518066406e+01 2.991849136352539062e+01 2.990498352050781250e+01 2.988318824768066406e+01 2.985719680786132812e+01 2.983219528198242188e+01 2.981274986267089844e+01 2.980129623413085938e+01 2.979810905456542969e+01 2.980195045471191406e+01 2.981151008605957031e+01 2.982508087158203125e+01 2.984074783325195312e+01 2.985690307617187500e+01 2.987282943725585938e+01 2.988929557800292969e+01 2.990889549255371094e+01 2.993160057067871094e+01 2.996086120605468750e+01 2.998733711242675781e+01 3.000391387939453125e+01 3.001510429382324219e+01 3.000830078125000000e+01 3.004569816589355469e+01 3.004380416870117188e+01 3.002242279052734375e+01
2.990593338012695312e+01 2.987136268615722656e+01 2.984595870971679688e+01 2.984693908691406250e+01 2.984506034851074219e+01 2.986349105834960938e+01 2.988102722167968750e+01 2.989739227294921875e+01 2.990817451477050781e+01 2.991181564331054688e+01 2.990545845031738281e+01 2.988927459716796875e+01 2.986618804931640625e+01 2.984117126464843750e+01 2.981944274902343750e+01 2.980503463745117188e+01 2.979930305480957031e+01 2.980068397521972656e+01 2.980692672729492188e+01 2.981629943847656250e+01 2.982786369323730469e+01 2.984084892272949219e+01 2.985425567626953125e+01 2.986749458312988281e+01 2.988059043884277344e+01 2.989480781555175781e+01 2.991467857360839844e+01 2.994078254699707031e+01 2.997748565673828125e+01 3.001392745971679688e+01 3.003316879272460938e+01 3.004665374755859375e+01 3.004290199279785156e+01 3.008540916442871094e+01 3.008210182189941406e+01 3.005585098266601562e+01
2.991264724731445312e+01 2.987959289550781250e+01 2.986053848266601562e+01 2.986102485656738281e+01 2.985652160644531250e+01 2.987080383300781250e+01 2.988260841369628906e+01 2.989025688171386719e+01 2.989005851745605469e+01 2.988170814514160156e+01 2.986477661132812500e+01 2.984283256530761719e+01 2.982047080993652344e+01 2.980324554443359375e+01 2.979450798034667969e+01 2.979455184936523438e+01 2.980093002319335938e+01 2.981033706665039062e+01 2.982037162780761719e+01 2.983035087585449219e+01 2.984060096740722656e+01 2.985124206542968750e+01 2.986196517944335938e+01 2.987233161926269531e+01 2.988244628906250000e+01 2.989360809326171875e+01 2.991151809692382812e+01 2.993851470947265625e+01 2.998061370849609375e+01 3.002350997924804688e+01 3.004922485351562500e+01 3.006830024719238281e+01 3.007174301147460938e+01 3.011898803710937500e+01 3.011529159545898438e+01 3.008585739135742188e+01
2.992299079895019531e+01 2.988778305053710938e+01 2.986916923522949219e+01 2.986346435546875000e+01 2.985251808166503906e+01 2.985875701904296875e+01 2.986109924316406250e+01 2.985821533203125000e+01 2.984887504577636719e+01 2.983435058593750000e+01 2.981559181213378906e+01 2.979734420776367188e+01 2.978410339355468750e+01 2.977935791015625000e+01 2.978315353393554688e+01 2.979306030273437500e+01 2.980540275573730469e+01 2.981744384765625000e+01 2.982818794250488281e+01 2.983810806274414062e+01 2.984817314147949219e+01 2.985862541198730469e+01 2.986906242370605469e+01 2.987873268127441406e+01 2.988721466064453125e+01 2.989565086364746094e+01 2.990887641906738281e+01 2.993284416198730469e+01 2.997375106811523438e+01 3.001942825317382812e+01 3.005263137817382812e+01 3.007986068725585938e+01 3.009127807617187500e+01 3.014593315124511719e+01 3.014380455017089844e+01 3.011308860778808594e+01
2.993025588989257812e+01 2.988787651062011719e+01 2.986203384399414062e+01 2.984654808044433594e+01 2.982933616638183594e+01 2.982894515991210938e+01 2.982312774658203125e+01 2.981290626525878906e+01 2.979918479919433594e+01 2.978516006469726562e+01 2.977232742309570312e+01 2.976390266418457031e+01 2.976219940185546875e+01 2.976789665222167969e+01 2.977922630310058594e+01 2.979320335388183594e+01 2.980714607238769531e+01 2.981987762451171875e+01 2.983153533935546875e+01 2.984297370910644531e+01 2.985494995117187500e+01 2.986746978759765625e+01 2.987973594665527344e+01 2.989086723327636719e+01 2.989974212646484375e+01 2.990608596801757812e+01 2.991402053833007812e+01 2.993093872070312500e+01 2.996408271789550781e+01 3.000678062438964844e+01 3.004406738281250000e+01 3.008039474487304688e+01 3.010145568847656250e+01 3.016706085205078125e+01 3.016884994506835938e+01 3.013976478576660156e+01
2.992703247070312500e+01 2.987526702880859375e+01 2.983748435974121094e+01 2.981410598754882812e+01 2.979403305053710938e+01 2.979066848754882812e+01 2.978050804138183594e+01 2.976832008361816406e+01 2.975625228881835938e+01 2.974806213378906250e+01 2.974399757385253906e+01 2.974556922912597656e+01 2.975309181213378906e+01 2.976553726196289062e+01 2.978087997436523438e+01 2.979677772521972656e+01 2.981191062927246094e+01 2.982609939575195312e+01 2.983964729309082031e+01 2.985319137573242188e+01 2.986714744567871094e+01 2.988152313232421875e+01 2.989589309692382812e+01 2.990909767150878906e+01 2.991936683654785156e+01 2.992539024353027344e+01 2.992871475219726562e+01 2.993622779846191406e+01 2.995755767822265625e+01 2.999092674255371094e+01 3.002643203735351562e+01 3.006773376464843750e+01 3.010060310363769531e+01 3.018050956726074219e+01 3.019021224975585938e+01 3.016523933410644531e+01
