asc/sst/3h_r1.asc
ncols        36
nrows        36
xllcorner    110.5
yllcorner    15
cellsize    0.1
NODATA_value -32767
[rows 0 to 16 of 36, columns 0 to 35 of 36]
2.948896789550781250e+01 2.971851539611816406e+01 2.981546211242675781e+01 2.979169845581054688e+01 2.973704147338867188e+01 2.968277168273925781e+01 2.963905715942382812e+01 2.960597610473632812e+01 2.957513236999511719e+01 2.954683113098144531e+01 2.952072525024414062e+01 2.949867057800292969e+01 2.948401641845703125e+01 2.947870635986328125e+01 2.948507499694824219e+01 2.950350379943847656e+01 2.953162193298339844e+01 2.956629371643066406e+01 2.960389518737792969e+01 2.963937568664550781e+01 2.966860961914062500e+01 2.968914222717285156e+01 2.970028686523437500e+01 2.970234680175781250e+01 2.969729614257812500e+01 2.968821334838867188e+01 2.967800903320312500e+01 2.966912460327148438e+01 2.966480827331542969e+01 2.966147804260253906e+01 2.966177368164062500e+01 2.966243171691894531e+01 2.965779495239257812e+01 2.967335319519042969e+01 2.968708419799804688e+01 2.968712425231933594e+01
2.962437438964843750e+01 2.969740295410156250e+01 2.973630714416503906e+01 2.969303703308105469e+01 2.964791107177734375e+01 2.960658454895019531e+01 2.957027816772460938e+01 2.953903770446777344e+01 2.951079750061035156e+01 2.948523712158203125e+01 2.946300125122070312e+01 2.944503784179687500e+01 2.943230438232421875e+01 2.942645072937011719e+01 2.943017387390136719e+01 2.944404983520507812e+01 2.946838951110839844e+01 2.950083351135253906e+01 2.953732299804687500e+01 2.957190322875976562e+01 2.960227775573730469e+01 2.962639808654785156e+01 2.964235115051269531e+01 2.964963340759277344e+01 2.964948654174804688e+01 2.964430427551269531e+01 2.963692092895507812e+01 2.962996292114257812e+01 2.962848663330078125e+01 2.962582969665527344e+01 2.962735557556152344e+01 2.963490104675292969e+01 2.962225151062011719e+01 2.965267753601074219e+01 2.967330169677734375e+01 2.963313674926757812e+01
2.966691017150878906e+01 2.968050193786621094e+01 2.965844154357910156e+01 2.963915634155273438e+01 2.959820938110351562e+01 2.955938720703125000e+01 2.952944755554199219e+01 2.950314712524414062e+01 2.948313140869140625e+01 2.946603012084960938e+01 2.945163345336914062e+01 2.943939590454101562e+01 2.942882347106933594e+01 2.942000961303710938e+01 2.941434288024902344e+01 2.941467666625976562e+01 2.942382049560546875e+01 2.944329833984375000e+01 2.947120475769042969e+01 2.950509643554687500e+01 2.954033470153808594e+01 2.957318115234375000e+01 2.960092544555664062e+01 2.962109756469726562e+01 2.963255310058593750e+01 2.963597869873046875e+01 2.963400077819824219e+01 2.962992286682128906e+01 2.962929153442382812e+01 2.962771606445312500e+01 2.962668228149414062e+01 2.963153839111328125e+01 2.963010215759277344e+01 2.963664627075195312e+01 2.965927505493164062e+01 2.961191177368164062e+01
2.963797760009765625e+01 2.959025001525878906e+01 2.956773948669433594e+01 2.954002380371093750e+01 2.950444602966308594e+01 2.947068786621093750e+01 2.945023155212402344e+01 2.943492507934570312e+01 2.942673110961914062e+01 2.942236709594726562e+01 2.942036247253417969e+01 2.941855430603027344e+01 2.941497230529785156e+01 2.940847015380859375e+01 2.940067863464355469e+01 2.939460182189941406e+01 2.939353561401367188e+01 2.939989852905273438e+01 2.941431999206542969e+01 2.943580436706542969e+01 2.946236610412597656e+01 2.949131965637207031e+01 2.951931381225585938e+01 2.954282188415527344e+01 2.955952453613281250e+01 2.956899070739746094e+01 2.957249259948730469e+01 2.957236480712890625e+01 2.957245635986328125e+01 2.957208442687988281e+01 2.957462501525878906e+01 2.957427597045898438e+01 2.958142662048339844e+01 2.960963821411132812e+01 2.959700775146484375e+01 2.960046958923339844e+01
2.957364845275878906e+01 2.949153518676757812e+01 2.945326995849609375e+01 2.944496917724609375e+01 2.943215370178222656e+01 2.941571807861328125e+01 2.941078948974609375e+01 2.941036033630371094e+01 2.941521644592285156e+01 2.942210578918457031e+01 2.942927360534667969e+01 2.943437385559082031e+01 2.943527603149414062e+01 2.943084907531738281e+01 2.942243194580078125e+01 2.941301727294921875e+01 2.940662765502929688e+01 2.940733146667480469e+01 2.941685676574707031e+01 2.943407821655273438e+01 2.945551300048828125e+01 2.947806167602539062e+01 2.949925804138183594e+01 2.951721000671386719e+01 2.953061485290527344e+01 2.953903961181640625e+01 2.954306030273437500e+01 2.954407310485839844e+01 2.954433631896972656e+01 2.954353523254394531e+01 2.954601669311523438e+01 2.954546356201171875e+01 2.953846549987792969e+01 2.958979415893554688e+01 2.960266113281250000e+01 2.961642646789550781e+01
2.945987892150878906e+01 2.939105033874511719e+01 2.936577033996582031e+01 2.937911987304687500e+01 2.938403511047363281e+01 2.938246154785156250e+01 2.939245605468750000e+01 2.940408706665039062e+01 2.941790962219238281e+01 2.943100357055664062e+01 2.944163322448730469e+01 2.944777870178222656e+01 2.944790267944335938e+01 2.944213104248046875e+01 2.943257904052734375e+01 2.942290115356445312e+01 2.941759109497070312e+01 2.942051124572753906e+01 2.943261146545410156e+01 2.945126914978027344e+01 2.947176170349121094e+01 2.948993492126464844e+01 2.950359153747558594e+01 2.951232147216796875e+01 2.951663780212402344e+01 2.951736640930175781e+01 2.951551437377929688e+01 2.951235198974609375e+01 2.950979804992675781e+01 2.950731086730957031e+01 2.951060104370117188e+01 2.951460838317871094e+01 2.950834465026855469e+01 2.956943130493164062e+01 2.957365036010742188e+01 2.959637451171875000e+01
2.937121582031250000e+01 2.933147621154785156e+01 2.932866287231445312e+01 2.936811637878417969e+01 2.938906478881835938e+01 2.939919281005859375e+01 2.941777038574218750e+01 2.943485450744628906e+01 2.945119667053222656e+01 2.946434593200683594e+01 2.947311019897460938e+01 2.947657585144042969e+01 2.947432708740234375e+01 2.946776580810546875e+01 2.946021842956542969e+01 2.945543289184570312e+01 2.945659446716308594e+01 2.946538162231445312e+01 2.948009300231933594e+01 2.949673652648925781e+01 2.951104927062988281e+01 2.951999664306640625e+01 2.952296066284179688e+01 2.952078247070312500e+01 2.951496315002441406e+01 2.950731277465820312e+01 2.949954414367675781e+01 2.949322700500488281e+01 2.949012947082519531e+01 2.948930168151855469e+01 2.949586105346679688e+01 2.950508689880371094e+01 2.950546264648437500e+01 2.956604385375976562e+01 2.957255935668945312e+01 2.959063720703125000e+01
2.933108329772949219e+01 2.932006072998046875e+01 2.933493614196777344e+01 2.938718605041503906e+01 2.941273307800292969e+01 2.942783355712890625e+01 2.944838142395019531e+01 2.946544647216796875e+01 2.947975349426269531e+01 2.948962974548339844e+01 2.949527359008789062e+01 2.949696540832519531e+01 2.949543952941894531e+01 2.949307060241699219e+01 2.949236679077148438e+01 2.949489974975585938e+01 2.950091934204101562e+01 2.950856018066406250e+01 2.951517486572265625e+01 2.951856040954589844e+01 2.951727676391601562e+01 2.951207733154296875e+01 2.950461578369140625e+01 2.949638366699218750e+01 2.948822021484375000e+01 2.948087882995605469e+01 2.947533035278320312e+01 2.947325897216796875e+01 2.947617912292480469e+01 2.948231124877929688e+01 2.949561309814453125e+01 2.951049423217773438e+01 2.951464462280273438e+01 2.958026885986328125e+01 2.958888435363769531e+01 2.960647773742675781e+01
2.933065795898437500e+01 2.933431816101074219e+01 2.935418510437011719e+01 2.940890121459960938e+01 2.943313217163085938e+01 2.944746208190917969e+01 2.946668624877929688e+01 2.948204421997070312e+01 2.949436378479003906e+01 2.950283050537109375e+01 2.950881004333496094e+01 2.951344680786132812e+01 2.951754951477050781e+01 2.952190017700195312e+01 2.952612304687500000e+01 2.952868080139160156e+01 2.952769660949707031e+01 2.952224349975585938e+01 2.951168441772460938e+01 2.949783134460449219e+01 2.948394012451171875e+01 2.947304916381835938e+01 2.946656417846679688e+01 2.946442413330078125e+01 2.946512413024902344e+01 2.946766471862792969e+01 2.947209358215332031e+01 2.947959899902343750e+01 2.949123001098632812e+01 2.950432205200195312e+01 2.952179145812988281e+01 2.953876304626464844e+01 2.954277229309082031e+01 2.961027526855468750e+01 2.961618423461914062e+01 2.963001060485839844e+01
2.934565162658691406e+01 2.935069656372070312e+01 2.936641693115234375e+01 2.941947746276855469e+01 2.944173622131347656e+01 2.945580482482910156e+01 2.947552108764648438e+01 2.949160957336425781e+01 2.950527000427246094e+01 2.951629829406738281e+01 2.952646446228027344e+01 2.953575706481933594e+01 2.954337882995605469e+01 2.954715156555175781e+01 2.954424285888671875e+01 2.953427505493164062e+01 2.951728820800781250e+01 2.949540138244628906e+01 2.947309112548828125e+01 2.945510482788085938e+01 2.944511795043945312e+01 2.944396209716796875e+01 2.945048332214355469e+01 2.946197128295898438e+01 2.947525978088378906e+01 2.948859786987304688e+01 2.950242042541503906e+01 2.951836013793945312e+01 2.953678894042968750e+01 2.955401611328125000e+01 2.957155227661132812e+01 2.958625984191894531e+01 2.958832931518554688e+01 2.965454673767089844e+01 2.965634918212890625e+01 2.966595458984375000e+01
2.935615730285644531e+01 2.935694694519042969e+01 2.936830902099609375e+01 2.942200279235839844e+01 2.944640159606933594e+01 2.946368026733398438e+01 2.948660850524902344e+01 2.950593757629394531e+01 2.952295303344726562e+01 2.953715324401855469e+01 2.954911613464355469e+01 2.955733871459960938e+01 2.955804252624511719e+01 2.954779243469238281e+01 2.952913093566894531e+01 2.950291824340820312e+01 2.947447776794433594e+01 2.945008659362792969e+01 2.943419075012207031e+01 2.942921829223632812e+01 2.943463325500488281e+01 2.944820022583007812e+01 2.946666526794433594e+01 2.948664474487304688e+01 2.950571632385253906e+01 2.952348518371582031e+01 2.954191207885742188e+01 2.956319427490234375e+01 2.958724212646484375e+01 2.960755538940429688e+01 2.962715148925781250e+01 2.963902664184570312e+01 2.964447212219238281e+01 2.970703697204589844e+01 2.970548820495605469e+01 2.970856094360351562e+01
2.935785102844238281e+01 2.935734367370605469e+01 2.937071418762207031e+01 2.942929077148437500e+01 2.945870780944824219e+01 2.948025703430175781e+01 2.950661468505859375e+01 2.952779769897460938e+01 2.954497146606445312e+01 2.955707168579101562e+01 2.956382369995117188e+01 2.955962944030761719e+01 2.954278182983398438e+01 2.951653671264648438e+01 2.948467254638671875e+01 2.945472335815429688e+01 2.943366241455078125e+01 2.942451095581054688e+01 2.942627143859863281e+01 2.943644332885742188e+01 2.945230484008789062e+01 2.947137451171875000e+01 2.949146842956542969e+01 2.951104736328125000e+01 2.952906608581542969e+01 2.954616737365722656e+01 2.956558609008789062e+01 2.959073448181152344e+01 2.962182617187500000e+01 2.965094757080078125e+01 2.967731857299804688e+01 2.969464492797851562e+01 2.970309257507324219e+01 2.975927162170410156e+01 2.975463676452636719e+01 2.975045394897460938e+01
2.935762405395507812e+01 2.936137771606445312e+01 2.938184165954589844e+01 2.944569778442382812e+01 2.947827339172363281e+01 2.950127792358398438e+01 2.952721786499023438e+01 2.954518508911132812e+01 2.955625724792480469e+01 2.955896568298339844e+01 2.955018615722656250e+01 2.952862739562988281e+01 2.949813270568847656e+01 2.946486091613769531e+01 2.943767547607421875e+01 2.942279243469238281e+01 2.942180633544921875e+01 2.943067932128906250e+01 2.944413375854492188e+01 2.945909690856933594e+01 2.947476768493652344e+01 2.949085426330566406e+01 2.950702667236328125e+01 2.952264213562011719e+01 2.953723907470703125e+01 2.955171966552734375e+01 2.957025718688964844e+01 2.959782791137695312e+01 2.963718032836914062e+01 2.967883300781250000e+01 2.972224807739257812e+01 2.974852752685546875e+01 2.975801849365234375e+01 2.981061553955078125e+01 2.980234336853027344e+01 2.978941154479980469e+01
2.936271095275878906e+01 2.937170600891113281e+01 2.939747428894042969e+01 2.946190071105957031e+01 2.949222183227539062e+01 2.951144409179687500e+01 2.953143119812011719e+01 2.954083061218261719e+01 2.954055976867675781e+01 2.952867889404296875e+01 2.950569152832031250e+01 2.947525596618652344e+01 2.944481277465820312e+01 2.942243003845214844e+01 2.941384696960449219e+01 2.941917228698730469e+01 2.943348884582519531e+01 2.945027160644531250e+01 2.946534156799316406e+01 2.947825622558593750e+01 2.949048995971679688e+01 2.950321197509765625e+01 2.951613616943359375e+01 2.952873039245605469e+01 2.954034614562988281e+01 2.955142402648925781e+01 2.956656646728515625e+01 2.959276390075683594e+01 2.963657760620117188e+01 2.969244575500488281e+01 2.975256538391113281e+01 2.979004287719726562e+01 2.980749893188476562e+01 2.985799407958984375e+01 2.984836006164550781e+01 2.982847213745117188e+01
2.937245750427246094e+01 2.938132476806640625e+01 2.940550804138183594e+01 2.946490478515625000e+01 2.948777961730957031e+01 2.949902725219726562e+01 2.950924110412597656e+01 2.950757980346679688e+01 2.949587249755859375e+01 2.947478675842285156e+01 2.944872093200683594e+01 2.942418861389160156e+01 2.940797424316406250e+01 2.940428733825683594e+01 2.941278839111328125e+01 2.942908096313476562e+01 2.944765472412109375e+01 2.946431541442871094e+01 2.947785186767578125e+01 2.948968696594238281e+01 2.950171852111816406e+01 2.951445198059082031e+01 2.952713203430175781e+01 2.953896331787109375e+01 2.954887962341308594e+01 2.955641365051269531e+01 2.956580162048339844e+01 2.958555412292480469e+01 2.962618064880371094e+01 2.968795585632324219e+01 2.976003456115722656e+01 2.981616401672363281e+01 2.984799194335937500e+01 2.990127563476562500e+01 2.989084243774414062e+01 2.986652565002441406e+01
2.937829971313476562e+01 2.937928771972656250e+01 2.939607238769531250e+01 2.944763755798339844e+01 2.946212768554687500e+01 2.946368026733398438e+01 2.946452903747558594e+01 2.945500183105468750e+01 2.943940925598144531e+01 2.942075538635253906e+01 2.940419960021972656e+01 2.939474296569824219e+01 2.939514923095703125e+01 2.940502357482910156e+01 2.942113304138183594e+01 2.943930435180664062e+01 2.945662498474121094e+01 2.947191619873046875e+01 2.948561477661132812e+01 2.949917793273925781e+01 2.951349830627441406e+01 2.952828979492187500e+01 2.954267311096191406e+01 2.955573844909667969e+01 2.956586456298828125e+01 2.957142448425292969e+01 2.957515907287597656e+01 2.958543586730957031e+01 2.961542892456054688e+01 2.967119789123535156e+01 2.974863624572753906e+01 2.982347297668457031e+01 2.987345695495605469e+01 2.993896102905273438e+01 2.992938423156738281e+01 2.990422058105468750e+01
2.937134933471679688e+01 2.936120414733886719e+01 2.936786460876464844e+01 2.941193199157714844e+01 2.942113685607910156e+01 2.941650199890136719e+01 2.941301918029785156e+01 2.940312957763671875e+01 2.939255905151367188e+01 2.938431167602539062e+01 2.938162231445312500e+01 2.938627624511718750e+01 2.939795684814453125e+01 2.941456222534179688e+01 2.943307495117187500e+01 2.945123100280761719e+01 2.946818351745605469e+01 2.948409652709960938e+01 2.949935531616210938e+01 2.951451110839843750e+01 2.953011894226074219e+01 2.954611015319824219e+01 2.956194114685058594e+01 2.957691001892089844e+01 2.958894157409667969e+01 2.959494400024414062e+01 2.959527015686035156e+01 2.959639167785644531e+01 2.961178398132324219e+01 2.965163421630859375e+01 2.972311782836914062e+01 2.980656814575195312e+01 2.987613487243652344e+01 2.996190071105957031e+01 2.996217155456542969e+01 2.994199752807617188e+01
