asc/sst/3h_r1.asc
ncols        36
nrows        36
xllcorner    110.5
yllcorner    15
cellsize    0.1
NODATA_value -32767
[rows 17 to 33 of 36, columns 0 to 35 of 36]
2.935079956054687500e+01 2.933273887634277344e+01 2.933080101013183594e+01 2.937009048461914062e+01 2.937749099731445312e+01 2.937227821350097656e+01 2.937045478820800781e+01 2.936610603332519531e+01 2.936488151550292969e+01 2.936823081970214844e+01 2.937718391418457031e+01 2.939158058166503906e+01 2.941027450561523438e+01 2.943142127990722656e+01 2.945294189453125000e+01 2.947340965270996094e+01 2.949263000488281250e+01 2.951045036315917969e+01 2.952641105651855469e+01 2.954105377197265625e+01 2.955540275573730469e+01 2.957013893127441406e+01 2.958530616760253906e+01 2.960058784484863281e+01 2.961406517028808594e+01 2.962173080444335938e+01 2.962141799926757812e+01 2.961658859252929688e+01 2.961830902099609375e+01 2.963778305053710938e+01 2.969158554077148438e+01 2.976839828491210938e+01 2.985086441040039062e+01 2.996387863159179688e+01 2.998308181762695312e+01 2.997440147399902344e+01
2.932573127746582031e+01 2.930588150024414062e+01 2.930009460449218750e+01 2.933892822265625000e+01 2.934808540344238281e+01 2.934628486633300781e+01 2.935008811950683594e+01 2.935354614257812500e+01 2.936128234863281250e+01 2.937330818176269531e+01 2.938969421386718750e+01 2.941012001037597656e+01 2.943377113342285156e+01 2.945919227600097656e+01 2.948453330993652344e+01 2.950849723815917969e+01 2.953018760681152344e+01 2.954892921447753906e+01 2.956428146362304688e+01 2.957709121704101562e+01 2.958893966674804688e+01 2.960070800781250000e+01 2.961330223083496094e+01 2.962718582153320312e+01 2.964077568054199219e+01 2.964988517761230469e+01 2.965038108825683594e+01 2.964269638061523438e+01 2.963450813293457031e+01 2.963622665405273438e+01 2.966544342041015625e+01 2.972159957885742188e+01 2.980092048645019531e+01 2.994023704528808594e+01 2.997972679138183594e+01 2.998686981201171875e+01
2.931075668334960938e+01 2.929624176025390625e+01 2.929256439208984375e+01 2.933576202392578125e+01 2.934877777099609375e+01 2.935342788696289062e+01 2.936444282531738281e+01 2.937529373168945312e+01 2.938941001892089844e+01 2.940612411499023438e+01 2.942553520202636719e+01 2.944801902770996094e+01 2.947338485717773438e+01 2.950055122375488281e+01 2.952746391296386719e+01 2.955273437500000000e+01 2.957451438903808594e+01 2.959267616271972656e+01 2.960671424865722656e+01 2.961783409118652344e+01 2.962765693664550781e+01 2.963749504089355469e+01 2.964768028259277344e+01 2.965899848937988281e+01 2.967045021057128906e+01 2.967868804931640625e+01 2.967922782897949219e+01 2.967044830322265625e+01 2.965681838989257812e+01 2.964586257934570312e+01 2.965402412414550781e+01 2.968348503112792969e+01 2.974199867248535156e+01 2.988855361938476562e+01 2.994189834594726562e+01 2.996293449401855469e+01
2.931791114807128906e+01 2.931419372558593750e+01 2.931915855407714844e+01 2.936921310424804688e+01 2.938656425476074219e+01 2.939748001098632812e+01 2.941402626037597656e+01 2.942958450317382812e+01 2.944668006896972656e+01 2.946448326110839844e+01 2.948324966430664062e+01 2.950397491455078125e+01 2.952706909179687500e+01 2.955196571350097656e+01 2.957670974731445312e+01 2.959928894042968750e+01 2.962003707885742188e+01 2.963734817504882812e+01 2.965048980712890625e+01 2.966069602966308594e+01 2.966946601867675781e+01 2.967816162109375000e+01 2.968689727783203125e+01 2.969490432739257812e+01 2.970184135437011719e+01 2.970632171630859375e+01 2.970455169677734375e+01 2.969400787353515625e+01 2.967822837829589844e+01 2.966124725341796875e+01 2.965617370605468750e+01 2.966433143615722656e+01 2.969425201416015625e+01 2.982306480407714844e+01 2.987679672241210938e+01 2.990348815917968750e+01
2.935100555419921875e+01 2.935709953308105469e+01 2.937223815917968750e+01 2.942748260498046875e+01 2.944694900512695312e+01 2.945997619628906250e+01 2.947815132141113281e+01 2.949498939514160156e+01 2.951255798339843750e+01 2.952982902526855469e+01 2.954675865173339844e+01 2.956425094604492188e+01 2.958339500427246094e+01 2.960391998291015625e+01 2.962487602233886719e+01 2.964653015136718750e+01 2.966610336303710938e+01 2.968215942382812500e+01 2.969436264038085938e+01 2.970326042175292969e+01 2.971098136901855469e+01 2.971836662292480469e+01 2.972426986694335938e+01 2.972825622558593750e+01 2.973014450073242188e+01 2.972948074340820312e+01 2.972430229187011719e+01 2.971249771118164062e+01 2.969528388977050781e+01 2.967584419250488281e+01 2.966570281982421875e+01 2.966353034973144531e+01 2.967208290100097656e+01 2.977293395996093750e+01 2.980890464782714844e+01 2.983184432983398438e+01
2.939730453491210938e+01 2.940837478637695312e+01 2.942886734008789062e+01 2.948386192321777344e+01 2.950207901000976562e+01 2.951389312744140625e+01 2.953175735473632812e+01 2.954878044128417969e+01 2.956649589538574219e+01 2.958365631103515625e+01 2.959981918334960938e+01 2.961585998535156250e+01 2.963220977783203125e+01 2.965079689025878906e+01 2.967139816284179688e+01 2.969073677062988281e+01 2.970715713500976562e+01 2.972118949890136719e+01 2.973268318176269531e+01 2.974188613891601562e+01 2.974915885925292969e+01 2.975455284118652344e+01 2.975753021240234375e+01 2.975781440734863281e+01 2.975527954101562500e+01 2.974986076354980469e+01 2.974072265625000000e+01 2.972657394409179688e+01 2.970843505859375000e+01 2.968794059753417969e+01 2.967668342590332031e+01 2.967165184020996094e+01 2.967225456237792969e+01 2.975152206420898438e+01 2.976747131347656250e+01 2.978057098388671875e+01
2.944160270690917969e+01 2.944895935058593750e+01 2.946934700012207031e+01 2.952127838134765625e+01 2.953824234008789062e+01 2.954992294311523438e+01 2.956897544860839844e+01 2.958724975585937500e+01 2.960575294494628906e+01 2.962351608276367188e+01 2.964066886901855469e+01 2.965710830688476562e+01 2.967431068420410156e+01 2.969200325012207031e+01 2.970955085754394531e+01 2.972593879699707031e+01 2.974064254760742188e+01 2.975424194335937500e+01 2.976670646667480469e+01 2.977723503112792969e+01 2.978487968444824219e+01 2.978887939453125000e+01 2.978892707824707031e+01 2.978529548645019531e+01 2.977832794189453125e+01 2.976844978332519531e+01 2.975556564331054688e+01 2.973897933959960938e+01 2.971980857849121094e+01 2.969902801513671875e+01 2.968838500976562500e+01 2.968246078491210938e+01 2.968202400207519531e+01 2.975276565551757812e+01 2.975812530517578125e+01 2.976111984252929688e+01
2.947410774230957031e+01 2.947306442260742188e+01 2.949349784851074219e+01 2.954425430297851562e+01 2.956359672546386719e+01 2.957815933227539062e+01 2.959960746765136719e+01 2.961898612976074219e+01 2.963765525817871094e+01 2.965631294250488281e+01 2.967420196533203125e+01 2.969201278686523438e+01 2.970841598510742188e+01 2.972416114807128906e+01 2.973953628540039062e+01 2.975482940673828125e+01 2.977039146423339844e+01 2.978606605529785156e+01 2.980069923400878906e+01 2.981230545043945312e+01 2.981927871704101562e+01 2.982100486755371094e+01 2.981769752502441406e+01 2.980999374389648438e+01 2.979867935180664062e+01 2.978494453430175781e+01 2.976924324035644531e+01 2.975105667114257812e+01 2.973136711120605469e+01 2.971104431152343750e+01 2.970127105712890625e+01 2.969509506225585938e+01 2.969609642028808594e+01 2.976709365844726562e+01 2.977069664001464844e+01 2.976553535461425781e+01
2.949678421020507812e+01 2.948945808410644531e+01 2.951312828063964844e+01 2.956602668762207031e+01 2.958973693847656250e+01 2.960708045959472656e+01 2.962934112548828125e+01 2.964788818359375000e+01 2.966633987426757812e+01 2.968425750732421875e+01 2.970284080505371094e+01 2.971958732604980469e+01 2.973438644409179688e+01 2.974902725219726562e+01 2.976469612121582031e+01 2.978135490417480469e+01 2.979885482788085938e+01 2.981634330749511719e+01 2.983164978027343750e+01 2.984280014038085938e+01 2.984840965270996094e+01 2.984799003601074219e+01 2.984198188781738281e+01 2.983105850219726562e+01 2.981648445129394531e+01 2.980016899108886719e+01 2.978265190124511719e+01 2.976359367370605469e+01 2.974419975280761719e+01 2.972520828247070312e+01 2.971685409545898438e+01 2.971106529235839844e+01 2.971603584289550781e+01 2.979528808593750000e+01 2.980318450927734375e+01 2.979051017761230469e+01
2.951741790771484375e+01 2.950816535949707031e+01 2.953596115112304688e+01 2.959123420715332031e+01 2.961704063415527344e+01 2.963419723510742188e+01 2.965465927124023438e+01 2.967199516296386719e+01 2.968954277038574219e+01 2.970751380920410156e+01 2.972476959228515625e+01 2.973937797546386719e+01 2.975363349914550781e+01 2.976935386657714844e+01 2.978669929504394531e+01 2.980544853210449219e+01 2.982453346252441406e+01 2.984218215942382812e+01 2.985683059692382812e+01 2.986721420288085938e+01 2.987197685241699219e+01 2.987042045593261719e+01 2.986279296875000000e+01 2.984987258911132812e+01 2.983328247070312500e+01 2.981520652770996094e+01 2.979659271240234375e+01 2.977714347839355469e+01 2.975827789306640625e+01 2.974121093750000000e+01 2.973484039306640625e+01 2.973129463195800781e+01 2.974465560913085938e+01 2.984229660034179688e+01 2.985970878601074219e+01 2.984457206726074219e+01
2.954038810729980469e+01 2.953042602539062500e+01 2.955916213989257812e+01 2.961236572265625000e+01 2.963677024841308594e+01 2.965276718139648438e+01 2.967153739929199219e+01 2.968794822692871094e+01 2.970694351196289062e+01 2.972496223449707031e+01 2.974051856994628906e+01 2.975416946411132812e+01 2.976934051513671875e+01 2.978698539733886719e+01 2.980652427673339844e+01 2.982695388793945312e+01 2.984614181518554688e+01 2.986228752136230469e+01 2.987547683715820312e+01 2.988477325439453125e+01 2.988922309875488281e+01 2.988758659362792969e+01 2.987956047058105469e+01 2.986599540710449219e+01 2.984883880615234375e+01 2.983046722412109375e+01 2.981161689758300781e+01 2.979215240478515625e+01 2.977356529235839844e+01 2.975804519653320312e+01 2.975418663024902344e+01 2.975550270080566406e+01 2.977847862243652344e+01 2.989971542358398438e+01 2.993031311035156250e+01 2.992045402526855469e+01
2.956433296203613281e+01 2.955237388610839844e+01 2.957641792297363281e+01 2.962349319458007812e+01 2.964529228210449219e+01 2.965987205505371094e+01 2.967865180969238281e+01 2.969748497009277344e+01 2.971946144104003906e+01 2.973878479003906250e+01 2.975425720214843750e+01 2.976805877685546875e+01 2.978469276428222656e+01 2.980412483215332031e+01 2.982522773742675781e+01 2.984600639343261719e+01 2.986312866210937500e+01 2.987693405151367188e+01 2.988818931579589844e+01 2.989768218994140625e+01 2.990371131896972656e+01 2.990353584289550781e+01 2.989595794677734375e+01 2.988213157653808594e+01 2.986463546752929688e+01 2.984615325927734375e+01 2.982751846313476562e+01 2.980837059020996094e+01 2.979043197631835938e+01 2.977594375610351562e+01 2.977442169189453125e+01 2.978153228759765625e+01 2.981116485595703125e+01 2.994353294372558594e+01 2.998451232910156250e+01 2.998281669616699219e+01
2.958255004882812500e+01 2.956670761108398438e+01 2.958238410949707031e+01 2.962345695495605469e+01 2.964122009277343750e+01 2.965488052368164062e+01 2.967683601379394531e+01 2.970108604431152344e+01 2.972875976562500000e+01 2.975137519836425781e+01 2.976794815063476562e+01 2.978244781494140625e+01 2.979982948303222656e+01 2.981969451904296875e+01 2.984064292907714844e+01 2.985943984985351562e+01 2.987360763549804688e+01 2.988459396362304688e+01 2.989508056640625000e+01 2.990637779235839844e+01 2.991554832458496094e+01 2.991805076599121094e+01 2.991176033020019531e+01 2.989791107177734375e+01 2.987983131408691406e+01 2.986073684692382812e+01 2.984177589416503906e+01 2.982296943664550781e+01 2.980592727661132812e+01 2.979278755187988281e+01 2.979325485229492188e+01 2.980325508117675781e+01 2.983075523376464844e+01 2.995544242858886719e+01 2.999455642700195312e+01 2.999616050720214844e+01
2.958759307861328125e+01 2.956357574462890625e+01 2.957540512084960938e+01 2.960873413085937500e+01 2.962266349792480469e+01 2.963563156127929688e+01 2.966255378723144531e+01 2.969408226013183594e+01 2.972847938537597656e+01 2.975626564025878906e+01 2.977450180053710938e+01 2.978993415832519531e+01 2.980735969543457031e+01 2.982730674743652344e+01 2.984772300720214844e+01 2.986408996582031250e+01 2.987541007995605469e+01 2.988418388366699219e+01 2.989475631713867188e+01 2.990836334228515625e+01 2.992126464843750000e+01 2.992737388610839844e+01 2.992329788208007812e+01 2.990997314453125000e+01 2.989129447937011719e+01 2.987099266052246094e+01 2.985088348388671875e+01 2.983182334899902344e+01 2.981582641601562500e+01 2.980384826660156250e+01 2.980540466308593750e+01 2.981388282775878906e+01 2.983259010314941406e+01 2.993428993225097656e+01 2.996026039123535156e+01 2.995940017700195312e+01
2.959369468688964844e+01 2.957075119018554688e+01 2.957515525817871094e+01 2.959296226501464844e+01 2.960279846191406250e+01 2.961685371398925781e+01 2.964835357666015625e+01 2.968736457824707031e+01 2.973047256469726562e+01 2.976336097717285156e+01 2.978477859497070312e+01 2.980175018310546875e+01 2.981877899169921875e+01 2.983751487731933594e+01 2.985580825805664062e+01 2.986953735351562500e+01 2.987779617309570312e+01 2.988414001464843750e+01 2.989381027221679688e+01 2.990839385986328125e+01 2.992415046691894531e+01 2.993420982360839844e+01 2.993372535705566406e+01 2.992260169982910156e+01 2.990459632873535156e+01 2.988376808166503906e+01 2.986251640319824219e+01 2.984260940551757812e+01 2.982665824890136719e+01 2.981518173217773438e+01 2.981501197814941406e+01 2.982018852233886719e+01 2.982968330383300781e+01 2.990563011169433594e+01 2.991983413696289062e+01 2.992448806762695312e+01
2.959853744506835938e+01 2.956665802001953125e+01 2.957594680786132812e+01 2.958724403381347656e+01 2.959192085266113281e+01 2.960372924804687500e+01 2.963643074035644531e+01 2.967985343933105469e+01 2.972725677490234375e+01 2.976574897766113281e+01 2.979350090026855469e+01 2.981492996215820312e+01 2.983425903320312500e+01 2.985440444946289062e+01 2.987348937988281250e+01 2.988804817199707031e+01 2.989630699157714844e+01 2.990189552307128906e+01 2.991059112548828125e+01 2.992480468750000000e+01 2.994181060791015625e+01 2.995503044128417969e+01 2.995896530151367188e+01 2.995205307006835938e+01 2.993677902221679688e+01 2.991680145263671875e+01 2.989490699768066406e+01 2.987339401245117188e+01 2.985553359985351562e+01 2.984126091003417969e+01 2.983728408813476562e+01 2.982898139953613281e+01 2.982800292968750000e+01 2.989055442810058594e+01 2.988362121582031250e+01 2.988733863830566406e+01
2.957483482360839844e+01 2.955224418640136719e+01 2.953960418701171875e+01 2.956642723083496094e+01 2.956803131103515625e+01 2.958411026000976562e+01 2.961679077148437500e+01 2.966166687011718750e+01 2.971282196044921875e+01 2.976011085510253906e+01 2.979837036132812500e+01 2.982841873168945312e+01 2.985367202758789062e+01 2.987660980224609375e+01 2.989613342285156250e+01 2.990988349914550781e+01 2.991673088073730469e+01 2.992037010192871094e+01 2.992665290832519531e+01 2.993840599060058594e+01 2.995421981811523438e+01 2.996882629394531250e+01 2.997717475891113281e+01 2.997687911987304688e+01 2.996865463256835938e+01 2.995467376708984375e+01 2.993716812133789062e+01 2.991833496093750000e+01 2.990142440795898438e+01 2.988637733459472656e+01 2.987801742553710938e+01 2.987018203735351562e+01 2.987117576599121094e+01 2.990913772583007812e+01 2.990153121948242188e+01 2.988844299316406250e+01
