asc/sst/6h_r1.asc
ncols        36
nrows        36
xllcorner    110.5
xllcorner    15
xllcorner    0.1
NODATA_value -32767
[rows 0 to 16 of 36, columns 0 to 35 of 36]
2.970799064636230469e+01 2.990640640258789062e+01 3.002330589294433594e+01 2.999416160583496094e+01 2.995387649536132812e+01 2.990927886962890625e+01 2.986921882629394531e+01 2.983906936645507812e+01 2.981156158447265625e+01 2.978707695007324219e+01 2.976621437072753906e+01 2.975080108642578125e+01 2.974174690246582031e+01 2.974119567871093750e+01 2.974958992004394531e+01 2.976686859130859375e+01 2.979142189025878906e+01 2.982097625732421875e+01 2.985127830505371094e+01 2.988100433349609375e+01 2.990688514709472656e+01 2.992684173583984375e+01 2.993816757202148438e+01 2.994132804870605469e+01 2.993787384033203125e+01 2.993042182922363281e+01 2.992166328430175781e+01 2.991386604309082031e+01 2.990878295898437500e+01 2.990396499633789062e+01 2.989991569519042969e+01 2.989924240112304688e+01 2.990234184265136719e+01 2.990834426879882812e+01 2.991090393066406250e+01 2.988675880432128906e+01
2.982915878295898438e+01 2.995146560668945312e+01 3.000662040710449219e+01 2.995673370361328125e+01 2.990470504760742188e+01 2.985807991027832031e+01 2.982428932189941406e+01 2.979456138610839844e+01 2.977008056640625000e+01 2.974977874755859375e+01 2.973312377929687500e+01 2.972051429748535156e+01 2.971408462524414062e+01 2.971456909179687500e+01 2.972237205505371094e+01 2.973768997192382812e+01 2.975966644287109375e+01 2.978623199462890625e+01 2.981662750244140625e+01 2.984816932678222656e+01 2.987538909912109375e+01 2.989771842956542969e+01 2.991231346130371094e+01 2.991967010498046875e+01 2.992044639587402344e+01 2.991679000854492188e+01 2.991100311279296875e+01 2.990531539916992188e+01 2.990259170532226562e+01 2.990002822875976562e+01 2.990087890625000000e+01 2.990810203552246094e+01 2.989632606506347656e+01 2.989141082763671875e+01 2.989590454101562500e+01 2.986340141296386719e+01
2.990378189086914062e+01 2.995117378234863281e+01 2.992517280578613281e+01 2.989159965515136719e+01 2.984072303771972656e+01 2.979632186889648438e+01 2.976993751525878906e+01 2.974519920349121094e+01 2.972809600830078125e+01 2.971573638916015625e+01 2.970712852478027344e+01 2.970213508605957031e+01 2.969998931884765625e+01 2.970022010803222656e+01 2.970324134826660156e+01 2.971020126342773438e+01 2.972155189514160156e+01 2.973866844177246094e+01 2.976208496093750000e+01 2.979118156433105469e+01 2.982238006591796875e+01 2.985180664062500000e+01 2.987611579895019531e+01 2.989350509643554688e+01 2.990287590026855469e+01 2.990554428100585938e+01 2.990386962890625000e+01 2.990053176879882812e+01 2.989966583251953125e+01 2.989983367919921875e+01 2.989876174926757812e+01 2.990056419372558594e+01 2.989563941955566406e+01 2.989625740051269531e+01 2.992848968505859375e+01 2.987080383300781250e+01
2.988374137878417969e+01 2.985409355163574219e+01 2.979938316345214844e+01 2.974459838867187500e+01 2.970992660522460938e+01 2.968073272705078125e+01 2.966552162170410156e+01 2.964971542358398438e+01 2.964236831665039062e+01 2.963970184326171875e+01 2.963950729370117188e+01 2.964038276672363281e+01 2.964082717895507812e+01 2.964065933227539062e+01 2.964084625244140625e+01 2.964281654357910156e+01 2.964836120605468750e+01 2.965945053100585938e+01 2.967702865600585938e+01 2.970011138916015625e+01 2.972619056701660156e+01 2.975205421447753906e+01 2.977598953247070312e+01 2.979600334167480469e+01 2.980971336364746094e+01 2.981725311279296875e+01 2.981975555419921875e+01 2.981940269470214844e+01 2.981988716125488281e+01 2.982216644287109375e+01 2.982318687438964844e+01 2.982896423339843750e+01 2.981639099121093750e+01 2.984020996093750000e+01 2.985051536560058594e+01 2.985248184204101562e+01
2.982251548767089844e+01 2.975295448303222656e+01 2.966539382934570312e+01 2.962287712097167969e+01 2.961105346679687500e+01 2.959527397155761719e+01 2.959630393981933594e+01 2.959593200683593750e+01 2.960382080078125000e+01 2.961435127258300781e+01 2.962485694885253906e+01 2.963366127014160156e+01 2.963924217224121094e+01 2.964104270935058594e+01 2.963999748229980469e+01 2.963821601867675781e+01 2.963851928710937500e+01 2.964375686645507812e+01 2.965517997741699219e+01 2.967207336425781250e+01 2.969200515747070312e+01 2.971226310729980469e+01 2.973068237304687500e+01 2.974553489685058594e+01 2.975574111938476562e+01 2.976125526428222656e+01 2.976298141479492188e+01 2.976226997375488281e+01 2.976186180114746094e+01 2.976280212402343750e+01 2.976453018188476562e+01 2.977060890197753906e+01 2.974441719055175781e+01 2.979725074768066406e+01 2.983067893981933594e+01 2.985857772827148438e+01
2.973427009582519531e+01 2.966499519348144531e+01 2.957868766784667969e+01 2.955658912658691406e+01 2.955316352844238281e+01 2.955475807189941406e+01 2.956860733032226562e+01 2.957951545715332031e+01 2.959556198120117188e+01 2.961144828796386719e+01 2.962482070922851562e+01 2.963443374633789062e+01 2.963901901245117188e+01 2.963884544372558594e+01 2.963578987121582031e+01 2.963278007507324219e+01 2.963326835632324219e+01 2.963991546630859375e+01 2.965303802490234375e+01 2.967027282714843750e+01 2.968786048889160156e+01 2.970261001586914062e+01 2.971292114257812500e+01 2.971853065490722656e+01 2.971995544433593750e+01 2.971816062927246094e+01 2.971426963806152344e+01 2.970943260192871094e+01 2.970607185363769531e+01 2.970554924011230469e+01 2.970855140686035156e+01 2.971949958801269531e+01 2.969939994812011719e+01 2.976207733154296875e+01 2.979641151428222656e+01 2.983486747741699219e+01
2.966197776794433594e+01 2.961106872558593750e+01 2.954577636718750000e+01 2.954551887512207031e+01 2.955627059936523438e+01 2.956905364990234375e+01 2.958932876586914062e+01 2.960614776611328125e+01 2.962418937683105469e+01 2.964048385620117188e+01 2.965257263183593750e+01 2.965972518920898438e+01 2.966204071044921875e+01 2.966103172302246094e+01 2.965920829772949219e+01 2.965951728820800781e+01 2.966436767578125000e+01 2.967458915710449219e+01 2.968844985961914062e+01 2.970257759094238281e+01 2.971350288391113281e+01 2.971914100646972656e+01 2.971924018859863281e+01 2.971485137939453125e+01 2.970758628845214844e+01 2.969914054870605469e+01 2.969101905822753906e+01 2.968431472778320312e+01 2.968113136291503906e+01 2.968225860595703125e+01 2.968940734863281250e+01 2.970143699645996094e+01 2.968872833251953125e+01 2.974918365478515625e+01 2.979131126403808594e+01 2.982579421997070312e+01
2.962439346313476562e+01 2.959844398498535156e+01 2.955039596557617188e+01 2.956065750122070312e+01 2.957621192932128906e+01 2.959363937377929688e+01 2.961527252197265625e+01 2.963190460205078125e+01 2.964855194091796875e+01 2.966234779357910156e+01 2.967203140258789062e+01 2.967794418334960938e+01 2.968118476867675781e+01 2.968349647521972656e+01 2.968666076660156250e+01 2.969183349609375000e+01 2.969904708862304688e+01 2.970690917968750000e+01 2.971293640136718750e+01 2.971504020690917969e+01 2.971258354187011719e+01 2.970623588562011719e+01 2.969741439819335938e+01 2.968764114379882812e+01 2.967809677124023438e+01 2.966979026794433594e+01 2.966367530822753906e+01 2.966049575805664062e+01 2.966193199157714844e+01 2.966833114624023438e+01 2.968066024780273438e+01 2.969694709777832031e+01 2.968837356567382812e+01 2.975485229492187500e+01 2.980218887329101562e+01 2.983641624450683594e+01
2.962062072753906250e+01 2.960989570617675781e+01 2.956786727905273438e+01 2.957964515686035156e+01 2.959496879577636719e+01 2.961115074157714844e+01 2.963085746765136719e+01 2.964592552185058594e+01 2.966079521179199219e+01 2.967362213134765625e+01 2.968402099609375000e+01 2.969285964965820312e+01 2.970071029663085938e+01 2.970800399780273438e+01 2.971427536010742188e+01 2.971828651428222656e+01 2.971879386901855469e+01 2.971478843688964844e+01 2.970612335205078125e+01 2.969415473937988281e+01 2.968140411376953125e+01 2.967009162902832031e+01 2.966151046752929688e+01 2.965599250793457031e+01 2.965313911437988281e+01 2.965248107910156250e+01 2.965411758422851562e+01 2.965840148925781250e+01 2.966693115234375000e+01 2.967854881286621094e+01 2.969534492492675781e+01 2.971137046813964844e+01 2.970552253723144531e+01 2.977475929260253906e+01 2.982295608520507812e+01 2.985381317138671875e+01
2.963288116455078125e+01 2.962477111816406250e+01 2.958010864257812500e+01 2.958968544006347656e+01 2.960368919372558594e+01 2.961882781982421875e+01 2.963862228393554688e+01 2.965410995483398438e+01 2.967056083679199219e+01 2.968597602844238281e+01 2.970023918151855469e+01 2.971304130554199219e+01 2.972336196899414062e+01 2.972931480407714844e+01 2.972920227050781250e+01 2.972196578979492188e+01 2.970828056335449219e+01 2.969054794311523438e+01 2.967213249206542969e+01 2.965652656555175781e+01 2.964629936218261719e+01 2.964213943481445312e+01 2.964323234558105469e+01 2.964805412292480469e+01 2.965499877929687500e+01 2.966292381286621094e+01 2.967273902893066406e+01 2.968421173095703125e+01 2.969869804382324219e+01 2.971489143371582031e+01 2.973307609558105469e+01 2.974692535400390625e+01 2.974057579040527344e+01 2.980964851379394531e+01 2.985609626770019531e+01 2.988249015808105469e+01
2.964274978637695312e+01 2.963129234313964844e+01 2.958259010314941406e+01 2.959151840209960938e+01 2.960720825195312500e+01 2.962403488159179688e+01 2.964725685119628906e+01 2.966640472412109375e+01 2.968665313720703125e+01 2.970541954040527344e+01 2.972145652770996094e+01 2.973234939575195312e+01 2.973577880859375000e+01 2.972959136962890625e+01 2.971535682678222656e+01 2.969444465637207031e+01 2.967136955261230469e+01 2.965106391906738281e+01 2.963709640502929688e+01 2.963097763061523438e+01 2.963230895996093750e+01 2.963926315307617188e+01 2.964959335327148438e+01 2.966137313842773438e+01 2.967332267761230469e+01 2.968583488464355469e+01 2.969941520690917969e+01 2.971744537353515625e+01 2.973963356018066406e+01 2.976126098632812500e+01 2.978224182128906250e+01 2.979354095458984375e+01 2.978472518920898438e+01 2.985595130920410156e+01 2.989707756042480469e+01 2.991740608215332031e+01
2.964475250244140625e+01 2.963124084472656250e+01 2.958263778686523438e+01 2.959530639648437500e+01 2.961418914794921875e+01 2.963627052307128906e+01 2.966431999206542969e+01 2.968642616271972656e+01 2.970812797546386719e+01 2.972520637512207031e+01 2.973472023010253906e+01 2.973423767089843750e+01 2.972159767150878906e+01 2.970132064819335938e+01 2.967673683166503906e+01 2.965273857116699219e+01 2.963477134704589844e+01 2.962544250488281250e+01 2.962440299987792969e+01 2.962983322143554688e+01 2.963947105407714844e+01 2.965119934082031250e+01 2.966348457336425781e+01 2.967541694641113281e+01 2.968724060058593750e+01 2.969926643371582031e+01 2.971677780151367188e+01 2.974158668518066406e+01 2.977225875854492188e+01 2.980186653137207031e+01 2.982881736755371094e+01 2.984030342102050781e+01 2.983378982543945312e+01 2.990512657165527344e+01 2.994073104858398438e+01 2.995550346374511719e+01
2.964377975463867188e+01 2.963222312927246094e+01 2.958788871765136719e+01 2.960483360290527344e+01 2.962816429138183594e+01 2.965357017517089844e+01 2.968239974975585938e+01 2.970210647583007812e+01 2.971825981140136719e+01 2.972531700134277344e+01 2.972120475769042969e+01 2.970434761047363281e+01 2.968079185485839844e+01 2.965573120117187500e+01 2.963460540771484375e+01 2.962169075012207031e+01 2.961845207214355469e+01 2.962265968322753906e+01 2.963082885742187500e+01 2.964064979553222656e+01 2.965095329284667969e+01 2.966108512878417969e+01 2.967058563232421875e+01 2.967971611022949219e+01 2.968852996826171875e+01 2.970081138610839844e+01 2.971994018554687500e+01 2.974896240234375000e+01 2.978733062744140625e+01 2.982718658447265625e+01 2.986331748962402344e+01 2.988234710693359375e+01 2.987934684753417969e+01 2.995080947875976562e+01 2.998256492614746094e+01 2.999181938171386719e+01
2.964642715454101562e+01 2.963767242431640625e+01 2.959714126586914062e+01 2.961486434936523438e+01 2.963843727111816406e+01 2.966140365600585938e+01 2.968469429016113281e+01 2.969594764709472656e+01 2.970054054260253906e+01 2.969421958923339844e+01 2.967625427246093750e+01 2.965316200256347656e+01 2.963081741333007812e+01 2.961448097229003906e+01 2.960736465454101562e+01 2.960964393615722656e+01 2.961846351623535156e+01 2.962955665588378906e+01 2.963993263244628906e+01 2.964897727966308594e+01 2.965715217590332031e+01 2.966466331481933594e+01 2.967197036743164062e+01 2.967829704284667969e+01 2.968634605407714844e+01 2.969726371765136719e+01 2.971445655822753906e+01 2.974352455139160156e+01 2.978579139709472656e+01 2.983567237854003906e+01 2.988502883911132812e+01 2.991252899169921875e+01 2.991444206237792969e+01 2.999002456665039062e+01 3.002083587646484375e+01 3.002324295043945312e+01
2.965325355529785156e+01 2.964323043823242188e+01 2.960160636901855469e+01 2.961416435241699219e+01 2.963234710693359375e+01 2.964670372009277344e+01 2.966016578674316406e+01 2.966020011901855469e+01 2.965375137329101562e+01 2.963838958740234375e+01 2.961951255798339844e+01 2.960238456726074219e+01 2.959129333496093750e+01 2.958877372741699219e+01 2.959488677978515625e+01 2.960661697387695312e+01 2.962010574340820312e+01 2.963234519958496094e+01 2.964237594604492188e+01 2.965079116821289062e+01 2.965884971618652344e+01 2.966650390625000000e+01 2.967349433898925781e+01 2.968125152587890625e+01 2.968931579589843750e+01 2.969754219055175781e+01 2.970972251892089844e+01 2.973318481445312500e+01 2.977345657348632812e+01 2.982900810241699219e+01 2.988928031921386719e+01 2.992728614807128906e+01 2.994019889831542969e+01 3.002406883239746094e+01 3.005620574951171875e+01 3.005186843872070312e+01
2.965779876708984375e+01 2.963989067077636719e+01 2.959150695800781250e+01 2.959554672241210938e+01 2.960527992248535156e+01 2.960912895202636719e+01 2.961309623718261719e+01 2.960520362854003906e+01 2.959454917907714844e+01 2.958210563659667969e+01 2.957129478454589844e+01 2.956592178344726562e+01 2.956759643554687500e+01 2.957580566406250000e+01 2.958893775939941406e+01 2.960360527038574219e+01 2.961746406555175781e+01 2.962955093383789062e+01 2.964038658142089844e+01 2.965039253234863281e+01 2.966043090820312500e+01 2.967066001892089844e+01 2.968149375915527344e+01 2.969191169738769531e+01 2.970080375671386719e+01 2.970679664611816406e+01 2.971302986145019531e+01 2.972700500488281250e+01 2.975834655761718750e+01 2.981086349487304688e+01 2.987773895263671875e+01 2.992910194396972656e+01 2.995759201049804688e+01 3.005486869812011719e+01 3.008864021301269531e+01 3.008038520812988281e+01
2.965197372436523438e+01 2.962306213378906250e+01 2.956496238708496094e+01 2.956053733825683594e+01 2.956311225891113281e+01 2.956016540527343750e+01 2.955974388122558594e+01 2.955098342895507812e+01 2.954454421997070312e+01 2.954060745239257812e+01 2.954071617126464844e+01 2.954624176025390625e+01 2.955689620971679688e+01 2.957071495056152344e+01 2.958694267272949219e+01 2.960301780700683594e+01 2.961800575256347656e+01 2.963157272338867188e+01 2.964399909973144531e+01 2.965628051757812500e+01 2.966908073425292969e+01 2.968245124816894531e+01 2.969608688354492188e+01 2.970878982543945312e+01 2.971874237060546875e+01 2.972386360168457031e+01 2.972541618347167969e+01 2.972995948791503906e+01 2.974810028076171875e+01 2.978897666931152344e+01 2.985364913940429688e+01 2.991327857971191406e+01 2.995841026306152344e+01 3.007471656799316406e+01 3.011618232727050781e+01 3.010961723327636719e+01
