asc/sst/6h_r1.asc
ncols        36
nrows        36
xllcorner    110.5
xllcorner    15
xllcorner    0.1
NODATA_value -32767
[rows 17 to 33 of 36, columns 0 to 35 of 36]
2.963373184204101562e+01 2.959600257873535156e+01 2.953010940551757812e+01 2.952011871337890625e+01 2.951963043212890625e+01 2.951596450805664062e+01 2.951632499694824219e+01 2.951141929626464844e+01 2.951150131225585938e+01 2.951598548889160156e+01 2.952500343322753906e+01 2.953890609741210938e+01 2.955598258972167969e+01 2.957473182678222656e+01 2.959460258483886719e+01 2.961396598815917969e+01 2.963204765319824219e+01 2.964830970764160156e+01 2.966296958923339844e+01 2.967654609680175781e+01 2.968992996215820312e+01 2.970322608947753906e+01 2.971632957458496094e+01 2.972900390625000000e+01 2.973970794677734375e+01 2.974513816833496094e+01 2.974472427368164062e+01 2.974225997924804688e+01 2.974715232849121094e+01 2.977086067199707031e+01 2.982355308532714844e+01 2.988075637817382812e+01 2.993744850158691406e+01 3.007664871215820312e+01 3.013282394409179688e+01 3.013512611389160156e+01
2.961010169982910156e+01 2.956933403015136719e+01 2.950090789794921875e+01 2.949009323120117188e+01 2.949076461791992188e+01 2.948971939086914062e+01 2.949404525756835938e+01 2.949431228637695312e+01 2.950043869018554688e+01 2.951128959655761719e+01 2.952658653259277344e+01 2.954611396789550781e+01 2.956895065307617188e+01 2.959315681457519531e+01 2.961780929565429688e+01 2.964140510559082031e+01 2.966303253173828125e+01 2.968179321289062500e+01 2.969721603393554688e+01 2.970969772338867188e+01 2.972062873840332031e+01 2.973117446899414062e+01 2.974181747436523438e+01 2.975264358520507812e+01 2.976273918151855469e+01 2.976847457885742188e+01 2.976736831665039062e+01 2.976078605651855469e+01 2.975556564331054688e+01 2.976213455200195312e+01 2.979697608947753906e+01 2.984159469604492188e+01 2.989792251586914062e+01 3.005414581298828125e+01 3.012817192077636719e+01 3.014459609985351562e+01
2.959374618530273438e+01 2.955740737915039062e+01 2.949281501770019531e+01 2.948521995544433594e+01 2.948917198181152344e+01 2.949267196655273438e+01 2.950301361083984375e+01 2.950906372070312500e+01 2.952043151855468750e+01 2.953532028198242188e+01 2.955386924743652344e+01 2.957640075683593750e+01 2.960187530517578125e+01 2.962911033630371094e+01 2.965645599365234375e+01 2.968192672729492188e+01 2.970411682128906250e+01 2.972231864929199219e+01 2.973654556274414062e+01 2.974732780456542969e+01 2.975604057312011719e+01 2.976398658752441406e+01 2.977201652526855469e+01 2.978025627136230469e+01 2.978805160522460938e+01 2.979251289367675781e+01 2.979051208496093750e+01 2.978168678283691406e+01 2.977032470703125000e+01 2.976419830322265625e+01 2.978027534484863281e+01 2.980789947509765625e+01 2.984743690490722656e+01 3.000590896606445312e+01 3.009324264526367188e+01 3.012521171569824219e+01
2.959610748291015625e+01 2.956906509399414062e+01 2.951322555541992188e+01 2.951179504394531250e+01 2.952099227905273438e+01 2.953008842468261719e+01 2.954531288146972656e+01 2.955663299560546875e+01 2.957192420959472656e+01 2.958864402770996094e+01 2.960708999633789062e+01 2.962808799743652344e+01 2.965155792236328125e+01 2.967693519592285156e+01 2.970228385925292969e+01 2.972594451904296875e+01 2.974649810791015625e+01 2.976301765441894531e+01 2.977539253234863281e+01 2.978454971313476562e+01 2.979175758361816406e+01 2.979828834533691406e+01 2.980436325073242188e+01 2.980994033813476562e+01 2.981443023681640625e+01 2.981598281860351562e+01 2.981200218200683594e+01 2.980149650573730469e+01 2.978702735900878906e+01 2.977350425720214844e+01 2.977631950378417969e+01 2.978741836547851562e+01 2.980281829833984375e+01 2.994719696044921875e+01 3.003467941284179688e+01 3.007676124572753906e+01
2.961941909790039062e+01 2.960288619995117188e+01 2.955737113952636719e+01 2.956134223937988281e+01 2.957429122924804688e+01 2.958618354797363281e+01 2.960401344299316406e+01 2.961802101135253906e+01 2.963501739501953125e+01 2.965183830261230469e+01 2.966845130920410156e+01 2.968572235107421875e+01 2.970484161376953125e+01 2.972616004943847656e+01 2.974800872802734375e+01 2.976851654052734375e+01 2.978624343872070312e+01 2.980039215087890625e+01 2.981086349487304688e+01 2.981879997253417969e+01 2.982501792907714844e+01 2.983034706115722656e+01 2.983453941345214844e+01 2.983718299865722656e+01 2.983789634704589844e+01 2.983582115173339844e+01 2.982956123352050781e+01 2.981753158569335938e+01 2.980150032043457031e+01 2.978482627868652344e+01 2.978003692626953125e+01 2.978119468688964844e+01 2.977816581726074219e+01 2.989771080017089844e+01 2.997308349609375000e+01 3.001835250854492188e+01
2.965699768066406250e+01 2.964543533325195312e+01 2.960640335083007812e+01 2.961179351806640625e+01 2.962700843811035156e+01 2.963927650451660156e+01 2.965785980224609375e+01 2.967232322692871094e+01 2.968956565856933594e+01 2.970596694946289062e+01 2.972128295898437500e+01 2.973657417297363281e+01 2.975275230407714844e+01 2.977056312561035156e+01 2.978889274597167969e+01 2.980577087402343750e+01 2.982014274597167969e+01 2.983194923400878906e+01 2.984145545959472656e+01 2.984867286682128906e+01 2.985396003723144531e+01 2.985779953002929688e+01 2.985965538024902344e+01 2.985918807983398438e+01 2.985626029968261719e+01 2.985072708129882812e+01 2.984200096130371094e+01 2.982951927185058594e+01 2.981275558471679688e+01 2.979528045654296875e+01 2.978787231445312500e+01 2.978494071960449219e+01 2.977337455749511719e+01 2.987121009826660156e+01 2.993165969848632812e+01 2.997262382507324219e+01
2.969440650939941406e+01 2.968205833435058594e+01 2.964428901672363281e+01 2.964923667907714844e+01 2.966536331176757812e+01 2.967767333984375000e+01 2.969727325439453125e+01 2.971264648437500000e+01 2.973047637939453125e+01 2.974734687805175781e+01 2.976276969909667969e+01 2.977760505676269531e+01 2.979238128662109375e+01 2.980748558044433594e+01 2.982201957702636719e+01 2.983573150634765625e+01 2.984716415405273438e+01 2.985719680786132812e+01 2.986580657958984375e+01 2.987320709228515625e+01 2.987829208374023438e+01 2.988065910339355469e+01 2.988007354736328125e+01 2.987647819519042969e+01 2.986996459960937500e+01 2.986137390136718750e+01 2.985076332092285156e+01 2.983738327026367188e+01 2.982153701782226562e+01 2.980465126037597656e+01 2.979710006713867188e+01 2.979334831237792969e+01 2.977994155883789062e+01 2.986613845825195312e+01 2.991759300231933594e+01 2.995186614990234375e+01
2.972340965270996094e+01 2.970631599426269531e+01 2.966886711120605469e+01 2.967457389831542969e+01 2.969401931762695312e+01 2.970847320556640625e+01 2.973024749755859375e+01 2.974632072448730469e+01 2.976407814025878906e+01 2.978089332580566406e+01 2.979634094238281250e+01 2.981081581115722656e+01 2.982394218444824219e+01 2.983635330200195312e+01 2.984787750244140625e+01 2.985767936706542969e+01 2.986643218994140625e+01 2.987602424621582031e+01 2.988564109802246094e+01 2.989429283142089844e+01 2.990003585815429688e+01 2.990158462524414062e+01 2.989877128601074219e+01 2.989218711853027344e+01 2.988262557983398438e+01 2.987087249755859375e+01 2.985802459716796875e+01 2.984389305114746094e+01 2.982845687866210938e+01 2.981413459777832031e+01 2.980740547180175781e+01 2.980372810363769531e+01 2.979097938537597656e+01 2.987491989135742188e+01 2.992339134216308594e+01 2.995155906677246094e+01
2.974444770812988281e+01 2.972322845458984375e+01 2.968924140930175781e+01 2.969871330261230469e+01 2.972282791137695312e+01 2.973929595947265625e+01 2.976169967651367188e+01 2.977667999267578125e+01 2.979339218139648438e+01 2.980915641784667969e+01 2.982378578186035156e+01 2.983673858642578125e+01 2.984796905517578125e+01 2.985741043090820312e+01 2.986500930786132812e+01 2.987275123596191406e+01 2.988216400146484375e+01 2.989385795593261719e+01 2.990606498718261719e+01 2.991630172729492188e+01 2.992197608947753906e+01 2.992219543457031250e+01 2.991691398620605469e+01 2.990714645385742188e+01 2.989443397521972656e+01 2.988020324707031250e+01 2.986507606506347656e+01 2.985035324096679688e+01 2.983581542968750000e+01 2.982335090637207031e+01 2.981986236572265625e+01 2.981601333618164062e+01 2.980807685852050781e+01 2.989874649047851562e+01 2.994890213012695312e+01 2.997065544128417969e+01
2.976393699645996094e+01 2.974133300781250000e+01 2.971304893493652344e+01 2.972532272338867188e+01 2.975218200683593750e+01 2.976766395568847656e+01 2.978866004943847656e+01 2.980158042907714844e+01 2.981684303283691406e+01 2.983144569396972656e+01 2.984470367431640625e+01 2.985576820373535156e+01 2.986466789245605469e+01 2.987086486816406250e+01 2.987726974487304688e+01 2.988625907897949219e+01 2.989838790893554688e+01 2.991266822814941406e+01 2.992584991455078125e+01 2.993591880798339844e+01 2.994070053100585938e+01 2.993939781188964844e+01 2.993224334716796875e+01 2.992038536071777344e+01 2.990557670593261719e+01 2.988970756530761719e+01 2.987378692626953125e+01 2.985787391662597656e+01 2.984410858154296875e+01 2.983372879028320312e+01 2.983298683166503906e+01 2.983076858520507812e+01 2.983253860473632812e+01 2.994130134582519531e+01 2.999786376953125000e+01 3.001360130310058594e+01
2.978667068481445312e+01 2.976285552978515625e+01 2.973793029785156250e+01 2.974943542480468750e+01 2.977533721923828125e+01 2.978764724731445312e+01 2.980681991577148438e+01 2.981878662109375000e+01 2.983392333984375000e+01 2.984812736511230469e+01 2.986006355285644531e+01 2.986977386474609375e+01 2.987609291076660156e+01 2.988149452209472656e+01 2.988929176330566406e+01 2.990105819702148438e+01 2.991501998901367188e+01 2.992868995666503906e+01 2.994052124023437500e+01 2.994929695129394531e+01 2.995362091064453125e+01 2.995200347900390625e+01 2.994412422180175781e+01 2.993127822875976562e+01 2.991564178466796875e+01 2.989921188354492188e+01 2.988306045532226562e+01 2.986729812622070312e+01 2.985378456115722656e+01 2.984492301940917969e+01 2.984755706787109375e+01 2.984849739074707031e+01 2.986428451538085938e+01 2.999676704406738281e+01 3.006375122070312500e+01 3.007519912719726562e+01
2.981040573120117188e+01 2.978370285034179688e+01 2.975582313537597656e+01 2.976360702514648438e+01 2.978676605224609375e+01 2.979644966125488281e+01 2.981549072265625000e+01 2.982896423339843750e+01 2.984587287902832031e+01 2.986090469360351562e+01 2.987245750427246094e+01 2.988069915771484375e+01 2.988609313964843750e+01 2.989257812500000000e+01 2.990288925170898438e+01 2.991605567932128906e+01 2.992837905883789062e+01 2.993948936462402344e+01 2.994923019409179688e+01 2.995804786682128906e+01 2.996389770507812500e+01 2.996373367309570312e+01 2.995619964599609375e+01 2.994268226623535156e+01 2.992612457275390625e+01 2.990915489196777344e+01 2.989278984069824219e+01 2.987720489501953125e+01 2.986458778381347656e+01 2.985705566406250000e+01 2.986316490173339844e+01 2.986904716491699219e+01 2.989614677429199219e+01 3.004326057434082031e+01 3.011763191223144531e+01 3.012923240661621094e+01
2.982889556884765625e+01 2.979904556274414062e+01 2.976405525207519531e+01 2.976815605163574219e+01 2.978864669799804688e+01 2.979769515991210938e+01 2.981879615783691406e+01 2.983602714538574219e+01 2.985660552978515625e+01 2.987353324890136719e+01 2.988542938232421875e+01 2.989284706115722656e+01 2.989856910705566406e+01 2.990639495849609375e+01 2.991793060302734375e+01 2.992896652221679688e+01 2.993804740905761719e+01 2.994532966613769531e+01 2.995345115661621094e+01 2.996326446533203125e+01 2.997175216674804688e+01 2.997422218322753906e+01 2.996790313720703125e+01 2.995422744750976562e+01 2.993684196472167969e+01 2.991913986206054688e+01 2.990256500244140625e+01 2.988741874694824219e+01 2.987636947631835938e+01 2.987072753906250000e+01 2.988039970397949219e+01 2.989023590087890625e+01 2.991893959045410156e+01 3.006075859069824219e+01 3.013434219360351562e+01 3.014659690856933594e+01
2.983809089660644531e+01 2.980401802062988281e+01 2.976287078857421875e+01 2.976067543029785156e+01 2.978022003173828125e+01 2.979064941406250000e+01 2.981496238708496094e+01 2.983722686767578125e+01 2.986197090148925781e+01 2.988161087036132812e+01 2.989363670349121094e+01 2.990086936950683594e+01 2.990791320800781250e+01 2.991733551025390625e+01 2.992849731445312500e+01 2.993715667724609375e+01 2.994273948669433594e+01 2.994716644287109375e+01 2.995500946044921875e+01 2.996701812744140625e+01 2.997915840148925781e+01 2.998523521423339844e+01 2.998131561279296875e+01 2.996802902221679688e+01 2.994978523254394531e+01 2.993101882934570312e+01 2.991364288330078125e+01 2.989856719970703125e+01 2.988885498046875000e+01 2.988459587097167969e+01 2.989602088928222656e+01 2.990729713439941406e+01 2.992703056335449219e+01 3.004718589782714844e+01 3.011121749877929688e+01 3.012015342712402344e+01
2.984661674499511719e+01 2.980780029296875000e+01 2.975151634216308594e+01 2.973781585693359375e+01 2.975333404541015625e+01 2.976785850524902344e+01 2.979683303833007812e+01 2.982550048828125000e+01 2.985687255859375000e+01 2.988110542297363281e+01 2.989453315734863281e+01 2.990330886840820312e+01 2.991141700744628906e+01 2.992069053649902344e+01 2.993061447143554688e+01 2.993756866455078125e+01 2.994133949279785156e+01 2.994538879394531250e+01 2.995387268066406250e+01 2.996763801574707031e+01 2.998262596130371094e+01 2.999244880676269531e+01 2.999221801757812500e+01 2.998148345947265625e+01 2.996409225463867188e+01 2.994436264038085938e+01 2.992485427856445312e+01 2.990746116638183594e+01 2.989603424072265625e+01 2.989216041564941406e+01 2.990093612670898438e+01 2.990937614440917969e+01 2.991579055786132812e+01 3.001834487915039062e+01 3.007501792907714844e+01 3.008895492553710938e+01
2.985724830627441406e+01 2.981922721862792969e+01 2.975542259216308594e+01 2.973055839538574219e+01 2.973761749267578125e+01 2.974640655517578125e+01 2.977846145629882812e+01 2.980986022949218750e+01 2.984479522705078125e+01 2.987054061889648438e+01 2.988646507263183594e+01 2.989774131774902344e+01 2.990863227844238281e+01 2.992107200622558594e+01 2.993347740173339844e+01 2.994123268127441406e+01 2.994455337524414062e+01 2.994778823852539062e+01 2.995565223693847656e+01 2.996953392028808594e+01 2.998633956909179688e+01 2.999946594238281250e+01 3.000332260131835938e+01 2.999615287780761719e+01 2.998079872131347656e+01 2.996101760864257812e+01 2.994016456604003906e+01 2.992123031616210938e+01 2.990834236145019531e+01 2.990292549133300781e+01 2.990555763244628906e+01 2.989968872070312500e+01 2.990850257873535156e+01 3.001180267333984375e+01 3.005498313903808594e+01 3.006239318847656250e+01
2.983714485168457031e+01 2.979409408569335938e+01 2.972164154052734375e+01 2.975226402282714844e+01 2.971582984924316406e+01 2.972098731994628906e+01 2.975429534912109375e+01 2.978540802001953125e+01 2.982378959655761719e+01 2.986060523986816406e+01 2.989134216308593750e+01 2.991575241088867188e+01 2.993577003479003906e+01 2.995257949829101562e+01 2.996463966369628906e+01 2.997143745422363281e+01 2.997401809692382812e+01 2.997534561157226562e+01 2.997929191589355469e+01 2.998779296875000000e+01 2.999915695190429688e+01 3.000925064086914062e+01 3.001398468017578125e+01 3.001124954223632812e+01 3.000236129760742188e+01 2.998999977111816406e+01 2.997690582275390625e+01 2.996540069580078125e+01 2.995863533020019531e+01 2.995493698120117188e+01 2.995708274841308594e+01 2.995727348327636719e+01 2.997897720336914062e+01 3.006588935852050781e+01 3.011470603942871094e+01 3.008262825012207031e+01
