asc/sst/9h_r1.asc
ncols        36
nrows        36
xllcorner    110.5
xllcorner    15
xllcorner    0.1
NODATA_value -32767
[rows 17 to 33 of 36, columns 0 to 35 of 36]
2.981451034545898438e+01 2.975891113281250000e+01 2.970149993896484375e+01 2.968120956420898438e+01 2.966621971130371094e+01 2.965341567993164062e+01 2.964509963989257812e+01 2.963868904113769531e+01 2.963792228698730469e+01 2.963947105407714844e+01 2.964560317993164062e+01 2.965692138671875000e+01 2.967292022705078125e+01 2.969162368774414062e+01 2.971145439147949219e+01 2.973106193542480469e+01 2.974974060058593750e+01 2.976711273193359375e+01 2.978306770324707031e+01 2.979804801940917969e+01 2.981246757507324219e+01 2.982661437988281250e+01 2.984053993225097656e+01 2.985365104675292969e+01 2.986421394348144531e+01 2.987002563476562500e+01 2.987090110778808594e+01 2.987051391601562500e+01 2.987706375122070312e+01 2.989531707763671875e+01 2.993989562988281250e+01 2.998749542236328125e+01 3.004895591735839844e+01 3.014980316162109375e+01 3.018439292907714844e+01 3.017106819152832031e+01
2.979218864440917969e+01 2.973487281799316406e+01 2.967154884338378906e+01 2.965140342712402344e+01 2.963573837280273438e+01 2.962524986267089844e+01 2.962114143371582031e+01 2.962041282653808594e+01 2.962634849548339844e+01 2.963458251953125000e+01 2.964709663391113281e+01 2.966444587707519531e+01 2.968585586547851562e+01 2.970932006835937500e+01 2.973340415954589844e+01 2.975675392150878906e+01 2.977851676940917969e+01 2.979808235168457031e+01 2.981494522094726562e+01 2.982942771911621094e+01 2.984237861633300781e+01 2.985460853576660156e+01 2.986667633056640625e+01 2.987821769714355469e+01 2.988783264160156250e+01 2.989301681518554688e+01 2.989203643798828125e+01 2.988662719726562500e+01 2.988369560241699219e+01 2.988638114929199219e+01 2.991466903686523438e+01 2.995345687866210938e+01 3.001498222351074219e+01 3.013010215759277344e+01 3.017798423767089844e+01 3.017362785339355469e+01
2.977550506591796875e+01 2.972309875488281250e+01 2.966216087341308594e+01 2.964569091796875000e+01 2.963146018981933594e+01 2.962538719177246094e+01 2.962660980224609375e+01 2.963191413879394531e+01 2.964396286010742188e+01 2.965778350830078125e+01 2.967431068420410156e+01 2.969473266601562500e+01 2.971857452392578125e+01 2.974428367614746094e+01 2.977050209045410156e+01 2.979567909240722656e+01 2.981868743896484375e+01 2.983853530883789062e+01 2.985460281372070312e+01 2.986732482910156250e+01 2.987793159484863281e+01 2.988742446899414062e+01 2.989632797241210938e+01 2.990490722656250000e+01 2.991238975524902344e+01 2.991624450683593750e+01 2.991396713256835938e+01 2.990575599670410156e+01 2.989673042297363281e+01 2.988766860961914062e+01 2.989857482910156250e+01 2.992170524597167969e+01 2.997494316101074219e+01 3.009098052978515625e+01 3.014402008056640625e+01 3.014617919921875000e+01
2.977477836608886719e+01 2.973135757446289062e+01 2.968144035339355469e+01 2.967104721069335938e+01 2.965979576110839844e+01 2.965906715393066406e+01 2.966548919677734375e+01 2.967579841613769531e+01 2.969114685058593750e+01 2.970733833312988281e+01 2.972529411315917969e+01 2.974538993835449219e+01 2.976764488220214844e+01 2.979186630249023438e+01 2.981682968139648438e+01 2.984079170227050781e+01 2.986216735839843750e+01 2.987992095947265625e+01 2.989373207092285156e+01 2.990426635742187500e+01 2.991270446777343750e+01 2.991995048522949219e+01 2.992629051208496094e+01 2.993169403076171875e+01 2.993561935424804688e+01 2.993664932250976562e+01 2.993270301818847656e+01 2.992296409606933594e+01 2.991094970703125000e+01 2.989549827575683594e+01 2.989411926269531250e+01 2.990187835693359375e+01 2.993955039978027344e+01 3.004129981994628906e+01 3.008807182312011719e+01 3.009214973449707031e+01
2.979528808593750000e+01 2.975842857360839844e+01 2.972331428527832031e+01 2.971721458435058594e+01 2.971148872375488281e+01 2.971397209167480469e+01 2.972291946411132812e+01 2.973544692993164062e+01 2.975251579284667969e+01 2.976928329467773438e+01 2.978602218627929688e+01 2.980353355407714844e+01 2.982255363464355469e+01 2.984330558776855469e+01 2.986460876464843750e+01 2.988480377197265625e+01 2.990266227722167969e+01 2.991731071472167969e+01 2.992835998535156250e+01 2.993659210205078125e+01 2.994293022155761719e+01 2.994797134399414062e+01 2.995173454284667969e+01 2.995398712158203125e+01 2.995443725585937500e+01 2.995231819152832031e+01 2.994634246826171875e+01 2.993563652038574219e+01 2.992280197143554688e+01 2.990518951416015625e+01 2.989810371398925781e+01 2.989498710632324219e+01 2.991816139221191406e+01 2.999330902099609375e+01 3.002828025817871094e+01 3.002932167053222656e+01
2.983046150207519531e+01 2.979359436035156250e+01 2.977106285095214844e+01 2.976581192016601562e+01 2.976308631896972656e+01 2.976693534851074219e+01 2.977695846557617188e+01 2.979029846191406250e+01 2.980782508850097656e+01 2.982449531555175781e+01 2.984039306640625000e+01 2.985605621337890625e+01 2.987204551696777344e+01 2.988890647888183594e+01 2.990604019165039062e+01 2.992184638977050781e+01 2.993534851074218750e+01 2.994634246826171875e+01 2.995495033264160156e+01 2.996178245544433594e+01 2.996703910827636719e+01 2.997058677673339844e+01 2.997213172912597656e+01 2.997145652770996094e+01 2.996857643127441406e+01 2.996345138549804688e+01 2.995547294616699219e+01 2.994398307800292969e+01 2.993122482299804688e+01 2.991370582580566406e+01 2.990550804138183594e+01 2.989735603332519531e+01 2.991154098510742188e+01 2.996427345275878906e+01 2.998741340637207031e+01 2.998207855224609375e+01
2.986654472351074219e+01 2.982501411437988281e+01 2.980993652343750000e+01 2.980286026000976562e+01 2.980181312561035156e+01 2.980684852600097656e+01 2.981878852844238281e+01 2.983331680297851562e+01 2.985140037536621094e+01 2.986814880371093750e+01 2.988345146179199219e+01 2.989789581298828125e+01 2.991182899475097656e+01 2.992520332336425781e+01 2.993770217895507812e+01 2.994899559020996094e+01 2.995887184143066406e+01 2.996741676330566406e+01 2.997520446777343750e+01 2.998173332214355469e+01 2.998653030395507812e+01 2.998890686035156250e+01 2.998843955993652344e+01 2.998524093627929688e+01 2.997951316833496094e+01 2.997161102294921875e+01 2.996174621582031250e+01 2.994945907592773438e+01 2.993707847595214844e+01 2.992056465148925781e+01 2.991331100463867188e+01 2.990422248840332031e+01 2.991463279724121094e+01 2.995632553100585938e+01 2.997033691406250000e+01 2.995925140380859375e+01
2.989467811584472656e+01 2.984663772583007812e+01 2.983698654174804688e+01 2.982935905456542969e+01 2.983157157897949219e+01 2.983942794799804688e+01 2.985371971130371094e+01 2.986890792846679688e+01 2.988664054870605469e+01 2.990269088745117188e+01 2.991741943359375000e+01 2.993058776855468750e+01 2.994185447692871094e+01 2.995153617858886719e+01 2.996016883850097656e+01 2.996784400939941406e+01 2.997554779052734375e+01 2.998386764526367188e+01 2.999198150634765625e+01 2.999896812438964844e+01 3.000353813171386719e+01 3.000461006164550781e+01 3.000194549560546875e+01 2.999604606628417969e+01 2.998805236816406250e+01 2.997833061218261719e+01 2.996669578552246094e+01 2.995374870300292969e+01 2.994168663024902344e+01 2.992638587951660156e+01 2.992049026489257812e+01 2.991242218017578125e+01 2.992193984985351562e+01 2.996314430236816406e+01 2.997385978698730469e+01 2.995915222167968750e+01
2.991567420959472656e+01 2.986420822143554688e+01 2.985950469970703125e+01 2.985396766662597656e+01 2.986009025573730469e+01 2.987060928344726562e+01 2.988580513000488281e+01 2.990009498596191406e+01 2.991635894775390625e+01 2.993112182617187500e+01 2.994425964355468750e+01 2.995499801635742188e+01 2.996315193176269531e+01 2.996986961364746094e+01 2.997543716430664062e+01 2.998196029663085938e+01 2.998937034606933594e+01 2.999795913696289062e+01 3.000707244873046875e+01 3.001449203491210938e+01 3.001866722106933594e+01 3.001839637756347656e+01 3.001373672485351562e+01 3.000552177429199219e+01 2.999512672424316406e+01 2.998376464843750000e+01 2.997141075134277344e+01 2.995805549621582031e+01 2.994640541076660156e+01 2.993223953247070312e+01 2.992790412902832031e+01 2.992145156860351562e+01 2.993381500244140625e+01 2.998456573486328125e+01 2.999637413024902344e+01 2.997935485839843750e+01
2.993486595153808594e+01 2.988335227966308594e+01 2.988484382629394531e+01 2.988152122497558594e+01 2.988895225524902344e+01 2.989932823181152344e+01 2.991320991516113281e+01 2.992568206787109375e+01 2.994036674499511719e+01 2.995340156555175781e+01 2.996406364440917969e+01 2.997218894958496094e+01 2.997805404663085938e+01 2.998246955871582031e+01 2.998790359497070312e+01 2.999363899230957031e+01 3.000158882141113281e+01 3.001120376586914062e+01 3.002125740051269531e+01 3.002927398681640625e+01 3.003366851806640625e+01 3.003267288208007812e+01 3.002636718750000000e+01 3.001570129394531250e+01 3.000270080566406250e+01 2.998921585083007812e+01 2.997641372680664062e+01 2.996314048767089844e+01 2.995219039916992188e+01 2.993896484375000000e+01 2.993655395507812500e+01 2.993386840820312500e+01 2.995269393920898438e+01 3.002410507202148438e+01 3.004267311096191406e+01 3.002459526062011719e+01
2.995786857604980469e+01 2.990620994567871094e+01 2.991165733337402344e+01 2.990777969360351562e+01 2.991301727294921875e+01 2.992021560668945312e+01 2.993263816833496094e+01 2.994442176818847656e+01 2.995822143554687500e+01 2.996982765197753906e+01 2.997874450683593750e+01 2.998509025573730469e+01 2.998951911926269531e+01 2.999419212341308594e+01 2.999870491027832031e+01 3.000527000427246094e+01 3.001442718505859375e+01 3.002478408813476562e+01 3.003480339050292969e+01 3.004269218444824219e+01 3.004661178588867188e+01 3.004518127441406250e+01 3.003811836242675781e+01 3.002638435363769531e+01 3.001181793212890625e+01 2.999677085876464844e+01 2.998255729675292969e+01 2.996990776062011719e+01 2.995966339111328125e+01 2.994796371459960938e+01 2.994768142700195312e+01 2.995052719116210938e+01 2.997819709777832031e+01 3.007374000549316406e+01 3.010277366638183594e+01 3.008546638488769531e+01
2.998132896423339844e+01 2.992666244506835938e+01 2.993231010437011719e+01 2.992483139038085938e+01 2.992606735229492188e+01 2.992974472045898438e+01 2.994248390197753906e+01 2.995533561706542969e+01 2.997002029418945312e+01 2.998174858093261719e+01 2.998999595642089844e+01 2.999575233459472656e+01 3.000030517578125000e+01 3.000444221496582031e+01 3.000944519042968750e+01 3.001713180541992188e+01 3.002604675292968750e+01 3.003523826599121094e+01 3.004396629333496094e+01 3.005144500732421875e+01 3.005606651306152344e+01 3.005556488037109375e+01 3.004877281188964844e+01 3.003657341003417969e+01 3.002127838134765625e+01 3.000527381896972656e+01 2.999026107788085938e+01 2.997690773010253906e+01 2.996835136413574219e+01 2.995866775512695312e+01 2.996158599853515625e+01 2.996832084655761719e+01 3.000520133972167969e+01 3.011426353454589844e+01 3.015187454223632812e+01 3.013647079467773438e+01
3.000022125244140625e+01 2.994181060791015625e+01 2.994220924377441406e+01 2.993016624450683594e+01 2.992652320861816406e+01 2.992779731750488281e+01 2.994209480285644531e+01 2.995816230773925781e+01 2.997594642639160156e+01 2.998924636840820312e+01 2.999785423278808594e+01 3.000340843200683594e+01 3.000785255432128906e+01 3.001159667968750000e+01 3.001710510253906250e+01 3.002441406250000000e+01 3.003142929077148438e+01 3.003855705261230469e+01 3.004611015319824219e+01 3.005440711975097656e+01 3.006109809875488281e+01 3.006265068054199219e+01 3.005694961547851562e+01 3.004467964172363281e+01 3.002862548828125000e+01 3.001174926757812500e+01 2.999572372436523438e+01 2.998192977905273438e+01 2.997397994995117188e+01 2.996723747253417969e+01 2.997302055358886719e+01 2.998266220092773438e+01 3.002441787719726562e+01 3.012938308715820312e+01 3.016723060607910156e+01 3.015266990661621094e+01
3.000893592834472656e+01 2.994874763488769531e+01 2.994365501403808594e+01 2.992595672607421875e+01 2.991942977905273438e+01 2.991985130310058594e+01 2.993595123291015625e+01 2.995592689514160156e+01 2.997713088989257812e+01 2.999234008789062500e+01 3.000097465515136719e+01 3.000655746459960938e+01 3.001056098937988281e+01 3.001565361022949219e+01 3.002276802062988281e+01 3.002955627441406250e+01 3.003536033630371094e+01 3.004110908508300781e+01 3.004886245727539062e+01 3.005905532836914062e+01 3.006857872009277344e+01 3.007296371459960938e+01 3.006929016113281250e+01 3.005769538879394531e+01 3.004080963134765625e+01 3.002224159240722656e+01 3.000438308715820312e+01 2.998881530761718750e+01 2.998028945922851562e+01 2.997371864318847656e+01 2.998045730590820312e+01 2.999117851257324219e+01 3.003087043762207031e+01 3.011853599548339844e+01 3.014657592773437500e+01 3.013089942932128906e+01
3.001428985595703125e+01 2.994477272033691406e+01 2.992405128479003906e+01 2.990457534790039062e+01 2.989630126953125000e+01 2.989753723144531250e+01 2.991615676879882812e+01 2.993984603881835938e+01 2.996569061279296875e+01 2.998497390747070312e+01 2.999734306335449219e+01 3.000386238098144531e+01 3.000971412658691406e+01 3.001706123352050781e+01 3.002495193481445312e+01 3.003084564208984375e+01 3.003493690490722656e+01 3.003925132751464844e+01 3.004672622680664062e+01 3.005771064758300781e+01 3.006896400451660156e+01 3.007562637329101562e+01 3.007405090332031250e+01 3.006369400024414062e+01 3.004714012145996094e+01 3.002805900573730469e+01 3.000947570800781250e+01 2.999361610412597656e+01 2.998505592346191406e+01 2.997869300842285156e+01 2.998469924926757812e+01 2.999520683288574219e+01 3.002268218994140625e+01 3.009418678283691406e+01 3.011534690856933594e+01 3.011140060424804688e+01
3.000715637207031250e+01 2.994211578369140625e+01 2.991662025451660156e+01 2.991028594970703125e+01 2.988608360290527344e+01 2.987685775756835938e+01 2.989301109313964844e+01 2.991330718994140625e+01 2.993843269348144531e+01 2.995770263671875000e+01 2.996860313415527344e+01 2.997504425048828125e+01 2.998200798034667969e+01 2.999224662780761719e+01 3.000269889831542969e+01 3.000998878479003906e+01 3.001379585266113281e+01 3.001700401306152344e+01 3.002303314208984375e+01 3.003268623352050781e+01 3.004376411437988281e+01 3.005218696594238281e+01 3.005444526672363281e+01 3.004953956604003906e+01 3.003916549682617188e+01 3.002577590942382812e+01 3.001189613342285156e+01 2.999910736083984375e+01 2.999101066589355469e+01 2.998326683044433594e+01 2.998380088806152344e+01 2.998023033142089844e+01 3.002245903015136719e+01 3.010265159606933594e+01 3.012480163574218750e+01 3.010570335388183594e+01
2.998383331298828125e+01 2.990967369079589844e+01 2.988541603088378906e+01 2.990734100341796875e+01 2.983992385864257812e+01 2.983113861083984375e+01 2.984672546386718750e+01 2.986802101135253906e+01 2.989470863342285156e+01 2.991845512390136719e+01 2.993982887268066406e+01 2.995775985717773438e+01 2.997264480590820312e+01 2.998657417297363281e+01 2.999761772155761719e+01 3.000396156311035156e+01 3.000627136230468750e+01 3.000688171386718750e+01 3.000913429260253906e+01 3.001511192321777344e+01 3.002392959594726562e+01 3.003253555297851562e+01 3.003758811950683594e+01 3.003759384155273438e+01 3.003334617614746094e+01 3.002557945251464844e+01 3.001621055603027344e+01 3.000691795349121094e+01 3.000116729736328125e+01 2.999555397033691406e+01 2.999584960937500000e+01 2.999619483947753906e+01 3.005331230163574219e+01 3.011929702758789062e+01 3.014729118347167969e+01 3.014789962768554688e+01
