asc/sst/9h_r1.asc
ncols        36
nrows        36
xllcorner    110.5
xllcorner    15
xllcorner    0.1
NODATA_value -32767
[rows 0 to 16 of 36, columns 0 to 35 of 36]
2.985059547424316406e+01 3.005176353454589844e+01 3.011579132080078125e+01 3.010160446166992188e+01 3.003324127197265625e+01 3.000004386901855469e+01 2.995738220214843750e+01 2.992885208129882812e+01 2.990141487121582031e+01 2.987840461730957031e+01 2.985971641540527344e+01 2.984675788879394531e+01 2.984000205993652344e+01 2.984152030944824219e+01 2.985272407531738281e+01 2.987326431274414062e+01 2.990172576904296875e+01 2.993481254577636719e+01 2.996880340576171875e+01 3.000013923645019531e+01 3.002578163146972656e+01 3.004330062866210938e+01 3.005235862731933594e+01 3.005418395996093750e+01 3.005043601989746094e+01 3.004279327392578125e+01 3.003386116027832031e+01 3.002593421936035156e+01 3.002112960815429688e+01 3.001505851745605469e+01 3.001130104064941406e+01 3.001350021362304688e+01 3.002395439147949219e+01 3.000962066650390625e+01 3.002373695373535156e+01 2.999892425537109375e+01
2.997067070007324219e+01 3.009707641601562500e+01 3.017923355102539062e+01 3.016267776489257812e+01 3.010346412658691406e+01 3.005379295349121094e+01 3.000032234191894531e+01 2.996165084838867188e+01 2.992959403991699219e+01 2.990364837646484375e+01 2.988431930541992188e+01 2.987031555175781250e+01 2.986318778991699219e+01 2.986412620544433594e+01 2.987431144714355469e+01 2.989490318298339844e+01 2.992509078979492188e+01 2.996146202087402344e+01 3.000220680236816406e+01 3.004321861267089844e+01 3.008031463623046875e+01 3.010955429077148438e+01 3.012986946105957031e+01 3.014117813110351562e+01 3.014449501037597656e+01 3.014171028137207031e+01 3.013572692871093750e+01 3.012939453125000000e+01 3.012616729736328125e+01 3.012350463867187500e+01 3.012143516540527344e+01 3.012129974365234375e+01 3.011699485778808594e+01 3.009850883483886719e+01 3.006193923950195312e+01 2.997071838378906250e+01
3.006529045104980469e+01 3.007981491088867188e+01 3.011067962646484375e+01 3.007427406311035156e+01 3.000451087951660156e+01 2.996286010742187500e+01 2.993659400939941406e+01 2.991694450378417969e+01 2.990329933166503906e+01 2.989358901977539062e+01 2.988761711120605469e+01 2.988392829895019531e+01 2.988301658630371094e+01 2.988534927368164062e+01 2.989142227172851562e+01 2.990135765075683594e+01 2.991597938537597656e+01 2.993569374084472656e+01 2.996038818359375000e+01 2.998811721801757812e+01 3.001696586608886719e+01 3.004392433166503906e+01 3.006620597839355469e+01 3.008221435546875000e+01 3.009139442443847656e+01 3.009425926208496094e+01 3.009297752380371094e+01 3.009010314941406250e+01 3.009000587463378906e+01 3.009103775024414062e+01 3.008792686462402344e+01 3.008036422729492188e+01 3.008242988586425781e+01 3.005997085571289062e+01 3.006340408325195312e+01 2.996445083618164062e+01
3.005682754516601562e+01 3.000290489196777344e+01 2.999725914001464844e+01 2.994063949584960938e+01 2.987971305847167969e+01 2.985202407836914062e+01 2.983614730834960938e+01 2.982500267028808594e+01 2.982120513916015625e+01 2.982069587707519531e+01 2.982117080688476562e+01 2.982202911376953125e+01 2.982284164428710938e+01 2.982433128356933594e+01 2.982662582397460938e+01 2.983072090148925781e+01 2.983814048767089844e+01 2.985040283203125000e+01 2.986821937561035156e+01 2.989060783386230469e+01 2.991610336303710938e+01 2.994189453125000000e+01 2.996494102478027344e+01 2.998271751403808594e+01 2.999436759948730469e+01 2.999981307983398438e+01 3.000093078613281250e+01 2.999979972839355469e+01 3.000061225891113281e+01 3.000200080871582031e+01 3.000043106079101562e+01 2.999727058410644531e+01 3.000629043579101562e+01 3.000478172302246094e+01 2.998366355895996094e+01 2.994673538208007812e+01
2.999832153320312500e+01 2.989545440673828125e+01 2.984521484375000000e+01 2.979705619812011719e+01 2.976403808593750000e+01 2.974537277221679688e+01 2.973757553100585938e+01 2.973706436157226562e+01 2.974469375610351562e+01 2.975419998168945312e+01 2.976302528381347656e+01 2.976903915405273438e+01 2.977251434326171875e+01 2.977335929870605469e+01 2.977297592163085938e+01 2.977339553833007812e+01 2.977704238891601562e+01 2.978526496887207031e+01 2.979907417297363281e+01 2.981768417358398438e+01 2.983912658691406250e+01 2.986056327819824219e+01 2.987929344177246094e+01 2.989362525939941406e+01 2.990277862548828125e+01 2.990702247619628906e+01 2.990756034851074219e+01 2.990602684020996094e+01 2.990636444091796875e+01 2.990624237060546875e+01 2.990753936767578125e+01 2.990337944030761719e+01 2.990347671508789062e+01 2.993136787414550781e+01 2.994923591613769531e+01 2.994306373596191406e+01
2.991417694091796875e+01 2.981888771057128906e+01 2.975630187988281250e+01 2.972238731384277344e+01 2.970324134826660156e+01 2.969711685180664062e+01 2.970302581787109375e+01 2.971387100219726562e+01 2.973039817810058594e+01 2.974656486511230469e+01 2.975988769531250000e+01 2.976815223693847656e+01 2.976998329162597656e+01 2.976762390136718750e+01 2.976386642456054688e+01 2.976224327087402344e+01 2.976524353027343750e+01 2.977406120300292969e+01 2.978838348388671875e+01 2.980637550354003906e+01 2.982464408874511719e+01 2.984012603759765625e+01 2.985103225708007812e+01 2.985688972473144531e+01 2.985814857482910156e+01 2.985581779479980469e+01 2.985131835937500000e+01 2.984612464904785156e+01 2.984370231628417969e+01 2.984231758117675781e+01 2.984407615661621094e+01 2.984515190124511719e+01 2.984354019165039062e+01 2.989591598510742188e+01 2.991805839538574219e+01 2.992059326171875000e+01
2.984406471252441406e+01 2.976846694946289062e+01 2.971781539916992188e+01 2.970051002502441406e+01 2.969752883911132812e+01 2.970163345336914062e+01 2.971493911743164062e+01 2.973091697692871094e+01 2.975029563903808594e+01 2.976729393005371094e+01 2.978024482727050781e+01 2.978787422180175781e+01 2.978978157043457031e+01 2.978719520568847656e+01 2.978395271301269531e+01 2.978423500061035156e+01 2.979019355773925781e+01 2.980170249938964844e+01 2.981633567810058594e+01 2.983083343505859375e+01 2.984197616577148438e+01 2.984778022766113281e+01 2.984788322448730469e+01 2.984318733215332031e+01 2.983524894714355469e+01 2.982588768005371094e+01 2.981692314147949219e+01 2.980976486206054688e+01 2.980744171142578125e+01 2.980776596069335938e+01 2.981248855590820312e+01 2.981660270690917969e+01 2.982211112976074219e+01 2.987616539001464844e+01 2.990563392639160156e+01 2.990455436706542969e+01
2.980220413208007812e+01 2.975271034240722656e+01 2.971995353698730469e+01 2.971225166320800781e+01 2.971438407897949219e+01 2.972228813171386719e+01 2.973662948608398438e+01 2.975245475769042969e+01 2.977048110961914062e+01 2.978528404235839844e+01 2.979642868041992188e+01 2.980395507812500000e+01 2.980774116516113281e+01 2.980913352966308594e+01 2.981039047241210938e+01 2.981432342529296875e+01 2.982148933410644531e+01 2.983024406433105469e+01 2.983709144592285156e+01 2.983975410461425781e+01 2.983754730224609375e+01 2.983116340637207031e+01 2.982197952270507812e+01 2.981147384643554688e+01 2.980099487304687500e+01 2.979199600219726562e+01 2.978532791137695312e+01 2.978197669982910156e+01 2.978438758850097656e+01 2.979001998901367188e+01 2.980040168762207031e+01 2.981060600280761719e+01 2.981962585449218750e+01 2.987868499755859375e+01 2.990843582153320312e+01 2.990752410888671875e+01
2.979387664794921875e+01 2.976015281677246094e+01 2.973646926879882812e+01 2.973162460327148438e+01 2.973353195190429688e+01 2.974039268493652344e+01 2.975318717956542969e+01 2.976757812500000000e+01 2.978426742553710938e+01 2.979840278625488281e+01 2.981044387817382812e+01 2.982085800170898438e+01 2.982912826538085938e+01 2.983516311645507812e+01 2.983880996704101562e+01 2.984093284606933594e+01 2.984115028381347656e+01 2.983833503723144531e+01 2.983070373535156250e+01 2.981932067871093750e+01 2.980666160583496094e+01 2.979482841491699219e+01 2.978503227233886719e+01 2.977818107604980469e+01 2.977447891235351562e+01 2.977354049682617188e+01 2.977543067932128906e+01 2.978051185607910156e+01 2.979020500183105469e+01 2.980174064636230469e+01 2.981666946411132812e+01 2.982857131958007812e+01 2.983647155761718750e+01 2.989663505554199219e+01 2.992176246643066406e+01 2.991868972778320312e+01
2.980304145812988281e+01 2.977248764038085938e+01 2.974959373474121094e+01 2.974288940429687500e+01 2.974341011047363281e+01 2.974860954284667969e+01 2.976155090332031250e+01 2.977687072753906250e+01 2.979520034790039062e+01 2.981203079223632812e+01 2.982773017883300781e+01 2.984196472167968750e+01 2.985239219665527344e+01 2.985702133178710938e+01 2.985437202453613281e+01 2.984566307067871094e+01 2.983229446411132812e+01 2.981581306457519531e+01 2.979783821105957031e+01 2.978163909912109375e+01 2.976985740661621094e+01 2.976359748840332031e+01 2.976285171508789062e+01 2.976708221435546875e+01 2.977453422546386719e+01 2.978379631042480469e+01 2.979484558105468750e+01 2.980794334411621094e+01 2.982423019409179688e+01 2.983943367004394531e+01 2.985599136352539062e+01 2.986639785766601562e+01 2.987045860290527344e+01 2.993023300170898438e+01 2.994907379150390625e+01 2.994258117675781250e+01
2.981205368041992188e+01 2.977800941467285156e+01 2.975358963012695312e+01 2.974645996093750000e+01 2.974803543090820312e+01 2.975467872619628906e+01 2.977076339721679688e+01 2.978957557678222656e+01 2.981146621704101562e+01 2.983129692077636719e+01 2.984826278686523438e+01 2.986041641235351562e+01 2.986470794677734375e+01 2.985850906372070312e+01 2.984277725219726562e+01 2.982114219665527344e+01 2.979797744750976562e+01 2.977711486816406250e+01 2.976131057739257812e+01 2.975260353088378906e+01 2.975108146667480469e+01 2.975601959228515625e+01 2.976601409912109375e+01 2.977902793884277344e+01 2.979307365417480469e+01 2.980775451660156250e+01 2.982440376281738281e+01 2.984365844726562500e+01 2.986608886718750000e+01 2.988532447814941406e+01 2.990384674072265625e+01 2.991333961486816406e+01 2.991417884826660156e+01 2.997324562072753906e+01 2.998518562316894531e+01 2.997428894042968750e+01
2.981492805480957031e+01 2.977819633483886719e+01 2.975542068481445312e+01 2.975132369995117188e+01 2.975675392150878906e+01 2.976717567443847656e+01 2.978694915771484375e+01 2.980864334106445312e+01 2.983139228820800781e+01 2.984906196594238281e+01 2.985961914062500000e+01 2.986099052429199219e+01 2.985157585144042969e+01 2.983265495300292969e+01 2.980758285522460938e+01 2.978244018554687500e+01 2.976226806640625000e+01 2.974964904785156250e+01 2.974502754211425781e+01 2.974728202819824219e+01 2.975489997863769531e+01 2.976639747619628906e+01 2.978016662597656250e+01 2.979457092285156250e+01 2.980927848815917969e+01 2.982505607604980469e+01 2.984405136108398438e+01 2.986817932128906250e+01 2.989790725708007812e+01 2.992432403564453125e+01 2.994884109497070312e+01 2.996211242675781250e+01 2.996252441406250000e+01 3.001826095581054688e+01 3.002249908447265625e+01 3.000859832763671875e+01
2.981554794311523438e+01 2.977984619140625000e+01 2.976218795776367188e+01 2.976218795776367188e+01 2.977067184448242188e+01 2.978312492370605469e+01 2.980333709716796875e+01 2.982308197021484375e+01 2.984035110473632812e+01 2.984847640991210938e+01 2.984605026245117188e+01 2.983313560485839844e+01 2.981222724914550781e+01 2.978814888000488281e+01 2.976645469665527344e+01 2.975128746032714844e+01 2.974402999877929688e+01 2.974422264099121094e+01 2.974909019470214844e+01 2.975701713562011719e+01 2.976704597473144531e+01 2.977837562561035156e+01 2.979018211364746094e+01 2.980218505859375000e+01 2.981414222717285156e+01 2.982814788818359375e+01 2.984758377075195312e+01 2.987561035156250000e+01 2.991321563720703125e+01 2.994915580749511719e+01 2.998365402221679688e+01 3.000151634216308594e+01 3.000669860839843750e+01 3.005791282653808594e+01 3.005706214904785156e+01 3.004067611694335938e+01
2.981983184814453125e+01 2.978672409057617188e+01 2.977231979370117188e+01 2.977312469482421875e+01 2.978044700622558594e+01 2.979046058654785156e+01 2.980548667907714844e+01 2.981723403930664062e+01 2.982371902465820312e+01 2.981912422180175781e+01 2.980453681945800781e+01 2.978361129760742188e+01 2.976167678833007812e+01 2.974447250366210938e+01 2.973563766479492188e+01 2.973559188842773438e+01 2.974186134338378906e+01 2.975041961669921875e+01 2.975909805297851562e+01 2.976755714416503906e+01 2.977626419067382812e+01 2.978551864624023438e+01 2.979491043090820312e+01 2.980369377136230469e+01 2.981273651123046875e+01 2.982431602478027344e+01 2.984209823608398438e+01 2.987102508544921875e+01 2.991324424743652344e+01 2.995774269104003906e+01 3.000215721130371094e+01 3.002680397033691406e+01 3.003816795349121094e+01 3.008961486816406250e+01 3.008884048461914062e+01 3.006949615478515625e+01
2.982854652404785156e+01 2.979501342773437500e+01 2.977645492553710938e+01 2.977324104309082031e+01 2.977515602111816406e+01 2.977797698974609375e+01 2.978358078002929688e+01 2.978466987609863281e+01 2.978055381774902344e+01 2.976752853393554688e+01 2.974929428100585938e+01 2.973112869262695312e+01 2.971820831298828125e+01 2.971381187438964844e+01 2.971814346313476562e+01 2.972860145568847656e+01 2.974117851257324219e+01 2.975294303894042969e+01 2.976285362243652344e+01 2.977173423767089844e+01 2.978068923950195312e+01 2.978986358642578125e+01 2.979873466491699219e+01 2.980696678161621094e+01 2.981483650207519531e+01 2.982377243041992188e+01 2.983748245239257812e+01 2.986231803894042969e+01 2.990276336669921875e+01 2.995110130310058594e+01 3.000439071655273438e+01 3.003572273254394531e+01 3.005885314941406250e+01 3.011563491821289062e+01 3.011865615844726562e+01 3.009643936157226562e+01
2.983500099182128906e+01 2.979518318176269531e+01 2.976501655578613281e+01 2.975494194030761719e+01 2.975017929077148438e+01 2.974423027038574219e+01 2.974041748046875000e+01 2.973342323303222656e+01 2.972453308105468750e+01 2.971157455444335938e+01 2.969882202148437500e+01 2.969066238403320312e+01 2.968986701965332031e+01 2.969646072387695312e+01 2.970840072631835938e+01 2.972269058227539062e+01 2.973692321777343750e+01 2.974986076354980469e+01 2.976144790649414062e+01 2.977249145507812500e+01 2.978383445739746094e+01 2.979533004760742188e+01 2.980647659301757812e+01 2.981668281555175781e+01 2.982516479492187500e+01 2.983204460144042969e+01 2.984050369262695312e+01 2.985725402832031250e+01 2.988926315307617188e+01 2.993400382995605469e+01 2.999156570434570312e+01 3.003150558471679688e+01 3.007004928588867188e+01 3.013698577880859375e+01 3.014681243896484375e+01 3.012357902526855469e+01
2.983110427856445312e+01 2.978222465515136719e+01 2.973702430725097656e+01 2.972076606750488281e+01 2.970906257629394531e+01 2.969757652282714844e+01 2.968882369995117188e+01 2.967964363098144531e+01 2.967301750183105469e+01 2.966662025451660156e+01 2.966357803344726562e+01 2.966634178161621094e+01 2.967521858215332031e+01 2.968861389160156250e+01 2.970444679260253906e+01 2.972075080871582031e+01 2.973639106750488281e+01 2.975103950500488281e+01 2.976488876342773438e+01 2.977856254577636719e+01 2.979252243041992188e+01 2.980662155151367188e+01 2.982040023803710938e+01 2.983292770385742188e+01 2.984268760681152344e+01 2.984854316711425781e+01 2.985229301452636719e+01 2.985975074768066406e+01 2.987919044494628906e+01 2.991295051574707031e+01 2.996855354309082031e+01 3.001497840881347656e+01 3.006789588928222656e+01 3.015031433105468750e+01 3.017074012756347656e+01 3.015035247802734375e+01
