asc/v10/12h_r1.asc
ncols        15
nrows        15
xllcorner    116.5
xllcorner    18.5
xllcorner    0.25
NODATA_value -32767
-4.018459796905517578e+00 -4.472090244293212891e+00 -4.635391235351562500e+00 -4.602603435516357422e+00 -5.098451614379882812e+00 -5.264663696289062500e+00 -5.704671859741210938e+00 -6.151787281036376953e+00 -6.452957153320312500e+00 -6.744970321655273438e+00 -6.500527381896972656e+00 -6.586905479431152344e+00 -6.082478046417236328e+00 -6.044878959655761719e+00 -5.931496620178222656e+00
-3.886520624160766602e+00 -3.972883701324462891e+00 -3.998809814453125000e+00 -4.306479930877685547e+00 -4.837594032287597656e+00 -4.956408977508544922e+00 -5.247152805328369141e+00 -5.566170215606689453e+00 -5.688443660736083984e+00 -5.866425991058349609e+00 -5.600260734558105469e+00 -5.373023509979248047e+00 -5.095790863037109375e+00 -5.030479907989501953e+00 -5.092763423919677734e+00
-4.262467861175537109e+00 -4.455570220947265625e+00 -4.401144027709960938e+00 -4.691275596618652344e+00 -5.114398479461669922e+00 -4.919986724853515625e+00 -4.989946842193603516e+00 -5.150776386260986328e+00 -5.113929748535156250e+00 -5.398774147033691406e+00 -5.115723609924316406e+00 -5.019429206848144531e+00 -4.660087585449218750e+00 -4.644031524658203125e+00 -4.036028861999511719e+00
-4.493900775909423828e+00 -4.383228778839111328e+00 -4.116203784942626953e+00 -4.016414642333984375e+00 -4.444743156433105469e+00 -4.335104465484619141e+00 -4.575152397155761719e+00 -4.968504905700683594e+00 -5.063240051269531250e+00 -5.519122123718261719e+00 -5.250852108001708984e+00 -5.299982547760009766e+00 -5.027051448822021484e+00 -5.029889583587646484e+00 -4.360000610351562500e+00
-4.424610614776611328e+00 -4.187510013580322266e+00 -3.843448400497436523e+00 -3.725636482238769531e+00 -4.030878067016601562e+00 -3.856149673461914062e+00 -4.018377780914306641e+00 -4.214495658874511719e+00 -4.061774253845214844e+00 -4.386984348297119141e+00 -3.978923082351684570e+00 -4.295069694519042969e+00 -4.179053783416748047e+00 -4.179850578308105469e+00 -3.768886327743530273e+00
-4.993042469024658203e+00 -4.970241069793701172e+00 -4.622370719909667969e+00 -4.533237934112548828e+00 -4.740581512451171875e+00 -4.444089889526367188e+00 -4.595071315765380859e+00 -4.780880928039550781e+00 -4.660109996795654297e+00 -5.079257011413574219e+00 -4.829513072967529297e+00 -5.032557010650634766e+00 -4.931215763092041016e+00 -4.826801300048828125e+00 -4.397442817687988281e+00
-5.049802303314208984e+00 -5.108468532562255859e+00 -4.694743156433105469e+00 -4.469189167022705078e+00 -4.601281642913818359e+00 -4.275735378265380859e+00 -4.545392036437988281e+00 -4.840692996978759766e+00 -4.849041938781738281e+00 -5.329920291900634766e+00 -5.187992095947265625e+00 -5.382589817047119141e+00 -5.085789680480957031e+00 -5.033065319061279297e+00 -4.701981544494628906e+00
-4.835446834564208984e+00 -4.839471817016601562e+00 -4.265049934387207031e+00 -4.074044227600097656e+00 -4.100396633148193359e+00 -3.603004932403564453e+00 -3.790425777435302734e+00 -3.844896316528320312e+00 -3.739117383956909180e+00 -4.188884735107421875e+00 -4.073950290679931641e+00 -4.387529850006103516e+00 -4.305768489837646484e+00 -4.398691177368164062e+00 -4.294373989105224609e+00
-5.301218986511230469e+00 -5.470206260681152344e+00 -4.979198455810546875e+00 -4.954452514648437500e+00 -5.039295673370361328e+00 -4.573185920715332031e+00 -4.863225460052490234e+00 -4.902199268341064453e+00 -4.898612499237060547e+00 -5.376903533935546875e+00 -5.390759468078613281e+00 -5.735965728759765625e+00 -5.572896957397460938e+00 -5.593907356262207031e+00 -5.348795890808105469e+00
-5.463860034942626953e+00 -5.755167007446289062e+00 -5.308972835540771484e+00 -5.241857051849365234e+00 -5.368031024932861328e+00 -4.955817222595214844e+00 -5.231090068817138672e+00 -5.310666561126708984e+00 -5.355954170227050781e+00 -5.778447628021240234e+00 -5.799690723419189453e+00 -6.180379390716552734e+00 -6.049745082855224609e+00 -6.120613098144531250e+00 -5.933771610260009766e+00
-5.445775985717773438e+00 -5.778910160064697266e+00 -5.251365661621093750e+00 -5.202729701995849609e+00 -5.155975341796875000e+00 -4.718496322631835938e+00 -4.903597831726074219e+00 -4.774868488311767578e+00 -4.752979278564453125e+00 -5.088678836822509766e+00 -5.006878376007080078e+00 -5.332325458526611328e+00 -5.353295326232910156e+00 -5.415357112884521484e+00 -5.399069309234619141e+00
-5.812828540802001953e+00 -6.167539596557617188e+00 -5.656448841094970703e+00 -5.766686439514160156e+00 -5.739772319793701172e+00 -5.414844036102294922e+00 -5.543861389160156250e+00 -5.448334217071533203e+00 -5.363093852996826172e+00 -5.761093616485595703e+00 -5.643217086791992188e+00 -6.116362571716308594e+00 -6.213191032409667969e+00 -6.451226234436035156e+00 -6.168544292449951172e+00
-5.919636249542236328e+00 -6.374006748199462891e+00 -5.907073020935058594e+00 -6.220081329345703125e+00 -6.265016078948974609e+00 -6.043854236602783203e+00 -6.115228652954101562e+00 -5.988036155700683594e+00 -5.885878086090087891e+00 -6.176930427551269531e+00 -6.046021938323974609e+00 -6.242105484008789062e+00 -6.497206687927246094e+00 -6.818913459777832031e+00 -6.613729000091552734e+00
-5.666528701782226562e+00 -6.165379047393798828e+00 -6.146740436553955078e+00 -6.374020576477050781e+00 -6.277354240417480469e+00 -6.180846691131591797e+00 -6.197484493255615234e+00 -6.024490833282470703e+00 -5.974270343780517578e+00 -6.099022388458251953e+00 -5.988117694854736328e+00 -6.098217010498046875e+00 -6.113969802856445312e+00 -5.634721755981445312e+00 -5.457047939300537109e+00
-5.739719390869140625e+00 -6.187020778656005859e+00 -6.386264801025390625e+00 -6.707589626312255859e+00 -6.825609207153320312e+00 -6.728182315826416016e+00 -6.867056369781494141e+00 -6.739075660705566406e+00 -6.661216735839843750e+00 -6.735598087310791016e+00 -6.650866031646728516e+00 -6.875872135162353516e+00 -7.146243572235107422e+00 -7.313300132751464844e+00 -6.420902729034423828e+00
