asc/v10/3h_r1.asc
ncols        15
nrows        15
xllcorner    116.5
xllcorner    18.5
xllcorner    0.25
NODATA_value -32767
-3.654289484024047852e+00 -4.292750358581542969e+00 -4.944567203521728516e+00 -5.299922943115234375e+00 -5.822006225585937500e+00 -6.046552181243896484e+00 -6.072287559509277344e+00 -6.179722785949707031e+00 -6.460949420928955078e+00 -6.610392570495605469e+00 -6.436324596405029297e+00 -6.270109176635742188e+00 -5.698248863220214844e+00 -5.583989620208740234e+00 -5.647361755371093750e+00
-4.059355735778808594e+00 -3.950868129730224609e+00 -4.105035781860351562e+00 -4.859483242034912109e+00 -5.331286430358886719e+00 -5.622503280639648438e+00 -5.804307460784912109e+00 -6.056608200073242188e+00 -6.261456489562988281e+00 -6.144392013549804688e+00 -5.908459663391113281e+00 -5.745748996734619141e+00 -5.173463821411132812e+00 -5.356261253356933594e+00 -5.285188674926757812e+00
-4.902934074401855469e+00 -4.526335716247558594e+00 -4.393956661224365234e+00 -4.939873218536376953e+00 -5.382199287414550781e+00 -5.571393966674804688e+00 -5.646244525909423828e+00 -5.821305274963378906e+00 -5.867328166961669922e+00 -5.739963531494140625e+00 -5.534397125244140625e+00 -5.516490459442138672e+00 -4.958385467529296875e+00 -5.109795093536376953e+00 -4.647415161132812500e+00
-5.747309207916259766e+00 -5.543370246887207031e+00 -4.979475021362304688e+00 -4.997332096099853516e+00 -5.199238300323486328e+00 -5.345464706420898438e+00 -5.453711986541748047e+00 -5.617005825042724609e+00 -5.680040359497070312e+00 -5.718834877014160156e+00 -5.691530704498291016e+00 -5.650610923767089844e+00 -5.082161903381347656e+00 -5.213752746582031250e+00 -4.740617275238037109e+00
-5.942395210266113281e+00 -5.788418769836425781e+00 -5.297111988067626953e+00 -5.298872470855712891e+00 -5.284520149230957031e+00 -5.327389240264892578e+00 -5.369180679321289062e+00 -5.398891925811767578e+00 -5.382276058197021484e+00 -5.453782081604003906e+00 -5.386553764343261719e+00 -5.394023895263671875e+00 -5.066393852233886719e+00 -5.118253231048583984e+00 -4.787779808044433594e+00
-6.077145099639892578e+00 -6.041756153106689453e+00 -5.642892837524414062e+00 -5.520929813385009766e+00 -5.440652370452880859e+00 -5.362692832946777344e+00 -5.291434288024902344e+00 -5.233772754669189453e+00 -5.125953674316406250e+00 -5.185580253601074219e+00 -5.127183437347412109e+00 -5.036056995391845703e+00 -4.861854076385498047e+00 -5.076060771942138672e+00 -4.720787048339843750e+00
-6.238811969757080078e+00 -6.303541660308837891e+00 -5.874578475952148438e+00 -5.776251316070556641e+00 -5.688199520111083984e+00 -5.569035530090332031e+00 -5.455557346343994141e+00 -5.391264438629150391e+00 -5.333706855773925781e+00 -5.441247463226318359e+00 -5.376253604888916016e+00 -5.165727615356445312e+00 -4.908119201660156250e+00 -5.152101993560791016e+00 -4.827764987945556641e+00
-6.345002174377441406e+00 -6.453840732574462891e+00 -6.055596828460693359e+00 -6.017059803009033203e+00 -5.930769920349121094e+00 -5.778582572937011719e+00 -5.622999191284179688e+00 -5.522695064544677734e+00 -5.466677665710449219e+00 -5.602609157562255859e+00 -5.568856239318847656e+00 -5.301185131072998047e+00 -5.049141883850097656e+00 -5.243746757507324219e+00 -4.940114021301269531e+00
-6.448817729949951172e+00 -6.593366146087646484e+00 -6.231235980987548828e+00 -6.266003608703613281e+00 -6.218232631683349609e+00 -6.070730209350585938e+00 -5.851026535034179688e+00 -5.706152439117431641e+00 -5.675757408142089844e+00 -5.804300785064697266e+00 -5.770992755889892578e+00 -5.461675167083740234e+00 -5.153012752532958984e+00 -5.285821437835693359e+00 -4.970245838165283203e+00
-6.409600257873535156e+00 -6.583862781524658203e+00 -6.293340682983398438e+00 -6.418066501617431641e+00 -6.484223842620849609e+00 -6.444499492645263672e+00 -6.239985466003417969e+00 -6.048283576965332031e+00 -6.028251647949218750e+00 -6.154084682464599609e+00 -6.142524242401123047e+00 -5.809033870697021484e+00 -5.504049777984619141e+00 -5.589084148406982422e+00 -5.315740585327148438e+00
-6.353603363037109375e+00 -6.537237644195556641e+00 -6.253274917602539062e+00 -6.443109512329101562e+00 -6.553650379180908203e+00 -6.560349941253662109e+00 -6.476704120635986328e+00 -6.289501190185546875e+00 -6.263931274414062500e+00 -6.315515995025634766e+00 -6.316531181335449219e+00 -6.030748367309570312e+00 -5.768130779266357422e+00 -5.809860706329345703e+00 -5.679358005523681641e+00
-6.618688583374023438e+00 -6.809604167938232422e+00 -6.429951190948486328e+00 -6.566290378570556641e+00 -6.698674678802490234e+00 -6.674024105072021484e+00 -6.528079032897949219e+00 -6.346506118774414062e+00 -6.255427360534667969e+00 -6.315981864929199219e+00 -6.219995975494384766e+00 -6.102085590362548828e+00 -5.667236804962158203e+00 -5.760909557342529297e+00 -5.795268058776855469e+00
-6.786569118499755859e+00 -7.118052005767822266e+00 -6.811780452728271484e+00 -6.858086585998535156e+00 -6.948558330535888672e+00 -6.877850532531738281e+00 -6.824162960052490234e+00 -6.722028732299804688e+00 -6.620225429534912109e+00 -6.682927131652832031e+00 -6.682649135589599609e+00 -6.542432785034179688e+00 -6.143728256225585938e+00 -6.263431549072265625e+00 -6.031898021697998047e+00
-6.516349792480468750e+00 -6.970282077789306641e+00 -7.035837173461914062e+00 -7.106513977050781250e+00 -7.017988204956054688e+00 -6.902920722961425781e+00 -6.828926563262939453e+00 -6.734024047851562500e+00 -6.643542289733886719e+00 -6.654902935028076172e+00 -6.665929317474365234e+00 -6.439275264739990234e+00 -6.005901813507080078e+00 -6.145292282104492188e+00 -5.459868907928466797e+00
-6.746181011199951172e+00 -7.138847827911376953e+00 -7.276758193969726562e+00 -7.424115657806396484e+00 -7.355270385742187500e+00 -7.274020671844482422e+00 -7.194662570953369141e+00 -7.106467723846435547e+00 -7.042379856109619141e+00 -6.963623523712158203e+00 -6.865555286407470703e+00 -6.854351520538330078e+00 -6.919935703277587891e+00 -6.639399528503417969e+00 -6.154540061950683594e+00
