asc/v10/6h_r1.asc
ncols        15
nrows        15
xllcorner    116.5
xllcorner    18.5
xllcorner    0.25
NODATA_value -32767
-4.479494094848632812e+00 -4.751171588897705078e+00 -5.149072647094726562e+00 -5.165758132934570312e+00 -5.461559295654296875e+00 -5.506274223327636719e+00 -5.722234249114990234e+00 -5.993908405303955078e+00 -6.302792549133300781e+00 -6.405288696289062500e+00 -6.166640758514404297e+00 -6.426543235778808594e+00 -5.802340984344482422e+00 -6.014657974243164062e+00 -6.014970302581787109e+00
-4.288677215576171875e+00 -4.319425106048583984e+00 -4.415782451629638672e+00 -4.798626899719238281e+00 -5.190722465515136719e+00 -5.399505615234375000e+00 -5.711333751678466797e+00 -5.893511772155761719e+00 -6.076116561889648438e+00 -6.019853115081787109e+00 -5.662590503692626953e+00 -5.625307083129882812e+00 -5.125657081604003906e+00 -5.397051334381103516e+00 -5.418947219848632812e+00
-4.808557033538818359e+00 -4.918992042541503906e+00 -4.731514930725097656e+00 -5.114207744598388672e+00 -5.355519294738769531e+00 -5.343486309051513672e+00 -5.506359100341796875e+00 -5.502233505249023438e+00 -5.488044738769531250e+00 -5.483919143676757812e+00 -5.222703456878662109e+00 -5.355273723602294922e+00 -4.691393375396728516e+00 -4.999865055084228516e+00 -4.364881992340087891e+00
-5.402202129364013672e+00 -5.326377868652343750e+00 -4.816753864288330078e+00 -4.839688777923583984e+00 -5.064773559570312500e+00 -5.108161449432373047e+00 -5.337402820587158203e+00 -5.415771484375000000e+00 -5.460906028747558594e+00 -5.566214561462402344e+00 -5.322992324829101562e+00 -5.398236751556396484e+00 -4.717529296875000000e+00 -4.996846199035644531e+00 -4.314654827117919922e+00
-5.456079483032226562e+00 -5.433313369750976562e+00 -4.749870300292968750e+00 -4.756530284881591797e+00 -4.826786041259765625e+00 -4.804531574249267578e+00 -4.967679023742675781e+00 -5.002943515777587891e+00 -5.006811618804931641e+00 -5.137005805969238281e+00 -4.837254524230957031e+00 -4.999571323394775391e+00 -4.591847896575927734e+00 -4.868650913238525391e+00 -4.345934867858886719e+00
-5.690374374389648438e+00 -5.831898689270019531e+00 -5.160813808441162109e+00 -5.063035488128662109e+00 -5.059453964233398438e+00 -4.835025787353515625e+00 -4.849143981933593750e+00 -4.834056854248046875e+00 -4.815925121307373047e+00 -4.956986904144287109e+00 -4.690003395080566406e+00 -4.693762302398681641e+00 -4.438550472259521484e+00 -4.816970348358154297e+00 -4.258396625518798828e+00
-5.793340682983398438e+00 -6.038610935211181641e+00 -5.379601955413818359e+00 -5.280639648437500000e+00 -5.265586376190185547e+00 -5.005665302276611328e+00 -4.994301319122314453e+00 -5.040037631988525391e+00 -5.131999969482421875e+00 -5.302713394165039062e+00 -5.063441276550292969e+00 -4.971885204315185547e+00 -4.697640895843505859e+00 -5.076773643493652344e+00 -4.497238636016845703e+00
-5.745129585266113281e+00 -6.023793220520019531e+00 -5.422984600067138672e+00 -5.430430889129638672e+00 -5.383461475372314453e+00 -5.052101135253906250e+00 -4.984545707702636719e+00 -4.978161811828613281e+00 -5.058290481567382812e+00 -5.266606330871582031e+00 -5.103839397430419922e+00 -5.017991542816162109e+00 -4.823610305786132812e+00 -5.202373504638671875e+00 -4.673133373260498047e+00
-5.962198257446289062e+00 -6.287880897521972656e+00 -5.682568073272705078e+00 -5.794968128204345703e+00 -5.730715751647949219e+00 -5.324293613433837891e+00 -5.180079936981201172e+00 -5.084491729736328125e+00 -5.082927703857421875e+00 -5.157334327697753906e+00 -5.012787818908691406e+00 -4.962613582611083984e+00 -4.825991153717041016e+00 -5.169058322906494141e+00 -4.704060554504394531e+00
-6.056471824645996094e+00 -6.441519737243652344e+00 -5.841354370117187500e+00 -6.023516654968261719e+00 -6.060698032379150391e+00 -5.775126934051513672e+00 -5.695531845092773438e+00 -5.668882369995117188e+00 -5.710822105407714844e+00 -5.771463394165039062e+00 -5.681563377380371094e+00 -5.760797023773193359e+00 -5.596177577972412109e+00 -5.864624977111816406e+00 -5.400957107543945312e+00
-5.964792728424072266e+00 -6.312981605529785156e+00 -5.707574844360351562e+00 -5.865005016326904297e+00 -5.873454570770263672e+00 -5.648074626922607422e+00 -5.625941276550292969e+00 -5.519962787628173828e+00 -5.493606567382812500e+00 -5.435953617095947266e+00 -5.344189167022705078e+00 -5.410448551177978516e+00 -5.251430511474609375e+00 -5.567616462707519531e+00 -5.329082965850830078e+00
-6.201608180999755859e+00 -6.523178577423095703e+00 -5.886704921722412109e+00 -6.026414394378662109e+00 -5.990943908691406250e+00 -5.790149688720703125e+00 -5.799768924713134766e+00 -5.779646873474121094e+00 -5.731171131134033203e+00 -5.784360885620117188e+00 -5.605089187622070312e+00 -5.887660026550292969e+00 -5.547436237335205078e+00 -5.881620883941650391e+00 -5.761451721191406250e+00
-6.322310924530029297e+00 -6.739867210388183594e+00 -6.189785480499267578e+00 -6.384548664093017578e+00 -6.430472850799560547e+00 -6.266413211822509766e+00 -6.321390151977539062e+00 -6.293250083923339844e+00 -6.182959556579589844e+00 -6.249065876007080078e+00 -6.161150932312011719e+00 -6.209806919097900391e+00 -5.890049934387207031e+00 -6.323955535888671875e+00 -6.013923168182373047e+00
-5.932545661926269531e+00 -6.416808128356933594e+00 -6.422849178314208984e+00 -6.608156681060791016e+00 -6.422460079193115234e+00 -6.283228397369384766e+00 -6.381803035736083984e+00 -6.345648288726806641e+00 -6.218004226684570312e+00 -6.249498844146728516e+00 -6.217210769653320312e+00 -6.019031047821044922e+00 -5.517795085906982422e+00 -5.724987030029296875e+00 -5.150542736053466797e+00
-6.104546546936035156e+00 -6.504924297332763672e+00 -6.632875442504882812e+00 -6.888133525848388672e+00 -6.829401016235351562e+00 -6.726456165313720703e+00 -6.814393520355224609e+00 -6.795845508575439453e+00 -6.701220989227294922e+00 -6.613901138305664062e+00 -6.575531005859375000e+00 -6.626266479492187500e+00 -6.507770538330078125e+00 -6.340282440185546875e+00 -5.677083015441894531e+00
