asc/v10/9h_r1.asc
ncols        15
nrows        15
xllcorner    116.5
xllcorner    18.5
xllcorner    0.25
NODATA_value -32767
-4.236998558044433594e+00 -4.690987110137939453e+00 -4.988564014434814453e+00 -4.923631191253662109e+00 -5.340861797332763672e+00 -5.482542991638183594e+00 -5.922508239746093750e+00 -6.242942810058593750e+00 -6.546171665191650391e+00 -6.814342498779296875e+00 -6.594738960266113281e+00 -6.943226814270019531e+00 -6.223548889160156250e+00 -6.280772209167480469e+00 -6.030059337615966797e+00
-4.101292133331298828e+00 -4.231723308563232422e+00 -4.209015369415283203e+00 -4.625549793243408203e+00 -5.171004772186279297e+00 -5.333863735198974609e+00 -5.642927169799804688e+00 -5.711095333099365234e+00 -5.793378353118896484e+00 -5.924186706542968750e+00 -5.688810348510742188e+00 -5.670219421386718750e+00 -5.215579509735107422e+00 -5.417980194091796875e+00 -5.448670387268066406e+00
-4.434939384460449219e+00 -4.728055953979492188e+00 -4.521633148193359375e+00 -4.895422935485839844e+00 -5.366296768188476562e+00 -5.315348148345947266e+00 -5.504590511322021484e+00 -5.484889507293701172e+00 -5.436801433563232422e+00 -5.597066402435302734e+00 -5.304686546325683594e+00 -5.395521640777587891e+00 -4.828617572784423828e+00 -4.968579769134521484e+00 -4.362871170043945312e+00
-4.900843143463134766e+00 -4.977950096130371094e+00 -4.592419147491455078e+00 -4.630885124206542969e+00 -5.088257312774658203e+00 -5.070069313049316406e+00 -5.316852569580078125e+00 -5.418294429779052734e+00 -5.439098834991455078e+00 -5.672851085662841797e+00 -5.357098579406738281e+00 -5.526624679565429688e+00 -4.923650264739990234e+00 -5.049669265747070312e+00 -4.344916343688964844e+00
-5.027938365936279297e+00 -5.092564105987548828e+00 -4.551016807556152344e+00 -4.575407981872558594e+00 -4.869798660278320312e+00 -4.769049167633056641e+00 -4.988715648651123047e+00 -5.023620128631591797e+00 -4.958817005157470703e+00 -5.157800197601318359e+00 -4.739942073822021484e+00 -5.095492362976074219e+00 -4.779148101806640625e+00 -4.886161804199218750e+00 -4.277502536773681641e+00
-5.560038566589355469e+00 -5.741730690002441406e+00 -5.144853115081787109e+00 -5.124989986419677734e+00 -5.264740467071533203e+00 -4.864586353302001953e+00 -4.923723220825195312e+00 -4.895354747772216797e+00 -4.811538219451904297e+00 -5.007558822631835938e+00 -4.648996353149414062e+00 -4.858045578002929688e+00 -4.592697143554687500e+00 -4.753915786743164062e+00 -4.100145816802978516e+00
-5.593373775482177734e+00 -5.821475982666015625e+00 -5.187497138977050781e+00 -5.130388259887695312e+00 -5.307741165161132812e+00 -4.887364387512207031e+00 -5.027437210083007812e+00 -5.167100429534912109e+00 -5.269671440124511719e+00 -5.576495647430419922e+00 -5.369206428527832031e+00 -5.612486362457275391e+00 -5.262826919555664062e+00 -5.282742977142333984e+00 -4.593531608581542969e+00
-5.331170558929443359e+00 -5.536907672882080078e+00 -4.859311103820800781e+00 -4.850498199462890625e+00 -4.972692012786865234e+00 -4.458894252777099609e+00 -4.506738662719726562e+00 -4.524191856384277344e+00 -4.578240871429443359e+00 -4.823095321655273438e+00 -4.620153427124023438e+00 -4.866281509399414062e+00 -4.670160770416259766e+00 -4.775876522064208984e+00 -4.304543972015380859e+00
-5.540218353271484375e+00 -5.848283767700195312e+00 -5.205248832702636719e+00 -5.331064701080322266e+00 -5.434116840362548828e+00 -4.899888038635253906e+00 -4.947457790374755859e+00 -4.880310058593750000e+00 -4.950377941131591797e+00 -5.229655265808105469e+00 -5.155838489532470703e+00 -5.505117416381835938e+00 -5.358884334564208984e+00 -5.360301494598388672e+00 -4.878687858581542969e+00
-5.680253505706787109e+00 -6.083397388458251953e+00 -5.468863964080810547e+00 -5.668887615203857422e+00 -5.818079948425292969e+00 -5.412824630737304688e+00 -5.541331768035888672e+00 -5.544106960296630859e+00 -5.629697322845458984e+00 -5.884968757629394531e+00 -5.793499469757080078e+00 -6.175559520721435547e+00 -5.931644916534423828e+00 -5.980190277099609375e+00 -5.593808650970458984e+00
-5.601596355438232422e+00 -5.969781398773193359e+00 -5.313330650329589844e+00 -5.491808891296386719e+00 -5.496949672698974609e+00 -5.083522796630859375e+00 -5.174563884735107422e+00 -5.055750846862792969e+00 -5.054835319519042969e+00 -5.231098175048828125e+00 -5.166481494903564453e+00 -5.493622303009033203e+00 -5.359736919403076172e+00 -5.490852355957031250e+00 -5.281486034393310547e+00
-5.958240032196044922e+00 -6.300031185150146484e+00 -5.600770950317382812e+00 -5.820271492004394531e+00 -5.793811798095703125e+00 -5.455514907836914062e+00 -5.537272453308105469e+00 -5.473721504211425781e+00 -5.414736270904541016e+00 -5.673366546630859375e+00 -5.546221733093261719e+00 -6.031085968017578125e+00 -5.750590801239013672e+00 -6.075913429260253906e+00 -5.882274150848388672e+00
-6.065691947937011719e+00 -6.541866779327392578e+00 -5.887247562408447266e+00 -6.258838653564453125e+00 -6.328652381896972656e+00 -6.068183898925781250e+00 -6.129601001739501953e+00 -6.068163394927978516e+00 -5.979139804840087891e+00 -6.218578815460205078e+00 -6.066473007202148438e+00 -6.187312602996826172e+00 -6.072577476501464844e+00 -6.466392040252685547e+00 -6.203639507293701172e+00
-5.848265171051025391e+00 -6.355172157287597656e+00 -6.210347652435302734e+00 -6.462206363677978516e+00 -6.314342975616455078e+00 -6.165281772613525391e+00 -6.240520954132080078e+00 -6.109110355377197266e+00 -6.037282466888427734e+00 -6.164040088653564453e+00 -6.022851467132568359e+00 -5.934027671813964844e+00 -5.700235843658447266e+00 -5.568933010101318359e+00 -5.223015785217285156e+00
-5.906638145446777344e+00 -6.369367599487304688e+00 -6.498011589050292969e+00 -6.787887573242187500e+00 -6.817601680755615234e+00 -6.682703495025634766e+00 -6.801533699035644531e+00 -6.687445163726806641e+00 -6.583721160888671875e+00 -6.639569759368896484e+00 -6.602294921875000000e+00 -6.749740600585937500e+00 -6.757808208465576172e+00 -6.942675590515136719e+00 -5.942316532135009766e+00
